2000 6000
530 618 217
1213 1632 18
5 227 412
1740 811 460
786 402 402
672 1857 433
639 1824 113
606 299 2
623 1348 112
1685 862 411
1370 1664 155
1899 1942 202
1872 1676 352
1787 592 8
1186 550 162
1657 220 304
1608 974 361
1923 546 480
770 892 500
1905 1153 73
116 215 489
943 1483 18
1220 163 473
780 1293 164
354 1560 359
1729 1976 401
1821 879 299
428 308 29
1365 1744 402
946 814 122
1193 1198 192
1068 343 21
1510 857 162
1488 718 278
1443 970 358
571 1226 74
1693 1237 282
1485 1018 491
1511 95 403
119 727 493
1505 1674 466
1349 759 462
75 157 418
1462 1060 189
1996 1163 285
784 1556 182
828 49 380
618 81 18
1876 823 58
425 1370 99
342 96 270
1397 1621 362
1589 503 395
812 1444 304
1190 1398 103
970 1065 423
387 692 223
1702 1282 467
227 574 473
1477 181 478
1918 1030 477
361 329 19
1594 33 129
1773 1146 487
855 516 44
1134 974 83
698 707 119
329 688 237
51 1592 328
1984 1970 432
560 300 35
800 161 90
925 769 465
1206 1968 199
1236 611 437
1461 294 235
1954 894 360
960 741 249
643 1441 210
1041 593 353
551 1865 163
821 1152 339
1023 1557 95
1266 1067 380
1565 290 137
1195 1002 127
596 1459 294
1108 863 206
1033 1037 29
1992 1191 479
60 753 387
879 102 326
573 893 21
1608 863 290
1910 1140 93
1329 1957 142
1387 466 322
1615 119 8
83 8 66
204 1732 416
604 577 103
1760 979 274
1473 1487 11
1250 1217 256
811 354 260
958 560 376
332 1931 184
591 293 202
728 1423 228
899 669 458
1090 862 390
87 1156 186
778 474 321
559 1354 8
1733 784 282
593 1291 426
917 1375 34
1475 276 309
1543 306 62
1956 374 147
1693 668 421
1597 208 306
1025 1347 333
1688 825 81
1063 214 406
1375 1701 488
220 975 399
1958 572 356
1557 361 432
1059 1893 24
247 397 495
779 816 72
1113 294 180
1611 1236 136
1129 1925 226
1068 36 461
1561 1975 202
207 827 68
235 1629 304
692 1095 228
525 306 498
137 1759 378
1150 308 352
48 1110 375
703 288 269
306 146 107
1351 538 498
73 1235 147
1855 1692 222
719 198 243
1179 736 307
736 1639 41
948 559 287
475 809 169
475 833 251
112 1498 38
42 827 288
758 286 84
866 880 45
1760 512 414
105 1542 219
1934 409 332
1582 723 176
1766 710 83
1618 1417 385
1388 1198 267
1403 512 468
228 1806 166
1680 665 248
337 1867 398
342 1895 139
1773 1624 486
301 1540 298
194 306 367
1777 719 10
55 1969 32
1154 927 481
129 1611 277
1890 501 420
1127 1441 494
547 239 240
1805 330 239
1745 833 49
1385 319 155
186 1350 249
1980 781 353
386 794 370
222 136 404
419 1216 279
199 890 100
448 1372 451
955 721 448
457 61 271
1494 823 55
1131 8 76
1054 568 77
96 81 314
1021 1849 369
1411 861 476
19 1042 356
1762 634 109
1302 1041 381
1397 1557 480
551 369 33
1853 545 275
1312 1220 172
1046 1730 145
444 1189 61
1277 1668 27
1336 1931 131
431 1497 388
366 709 196
1543 1395 66
790 75 301
1544 559 205
53 590 288
1078 1016 135
971 293 454
776 1922 89
843 1307 246
1066 268 61
73 800 52
1404 475 120
607 117 274
1902 1095 208
1027 310 9
630 386 327
1322 462 413
664 1591 291
1541 1901 434
520 514 158
881 1001 500
1783 1300 257
1638 1927 366
433 1022 301
1068 1180 133
664 386 279
220 1821 106
1527 211 251
838 9 281
313 904 37
1680 424 392
1414 319 335
1606 1241 497
1026 256 416
980 96 174
457 1921 95
1356 410 294
1169 1040 7
529 1144 380
998 435 337
766 907 25
838 1991 149
533 1369 85
431 1141 4
132 262 287
1327 555 370
748 31 326
455 75 392
451 718 184
1732 673 316
1758 1505 456
818 1176 245
839 1417 75
1318 974 384
1736 85 320
656 780 446
404 1696 245
964 1246 65
1727 1028 484
1579 1195 272
445 308 130
30 1762 365
1073 1322 136
383 303 24
1861 723 265
557 110 342
685 193 68
1850 1857 254
262 1453 306
531 403 491
198 1583 356
581 627 106
1824 784 165
1808 745 271
739 317 454
17 481 40
835 587 196
453 785 389
1339 825 27
854 1064 335
128 1921 106
620 105 297
558 1342 401
952 247 78
1340 828 135
7 1313 474
1222 755 295
379 1397 92
1605 276 491
665 1197 29
1950 594 394
1050 1410 333
362 608 318
867 410 421
659 1306 291
1058 97 52
1653 941 367
1216 1526 72
1834 1463 237
116 693 166
1628 493 304
1139 1594 429
1378 609 297
1691 571 487
1815 1346 286
1263 11 26
235 195 43
907 840 112
836 700 485
1831 705 189
870 1981 483
1787 1428 53
473 751 359
1864 1319 282
1838 460 236
596 55 285
1112 248 48
324 403 35
1878 1624 500
1627 1218 478
1993 610 453
896 1127 475
788 334 393
348 1743 345
1572 836 138
1024 1449 107
1742 576 210
1336 1197 346
1005 1630 296
1298 31 206
131 602 97
976 758 32
661 180 43
1497 1838 495
1469 1670 203
1138 115 137
509 794 131
172 1924 388
1573 851 313
867 418 52
445 1616 218
382 1204 450
342 306 455
14 246 238
646 304 50
750 98 459
1878 1202 434
1677 1087 405
1844 1799 228
1874 1071 367
417 364 494
1991 666 214
87 641 108
769 1349 115
1448 1201 271
601 780 366
643 1096 426
1070 518 149
1017 243 60
215 106 435
678 1854 240
780 434 288
1824 673 138
564 236 268
1689 1640 325
1246 327 79
30 1128 195
368 723 79
1482 1582 410
718 669 308
616 502 423
1459 1415 442
1256 225 3
321 369 376
1219 753 53
1544 981 217
240 1309 216
1481 114 156
1661 280 166
1147 1528 462
503 1776 129
28 410 258
479 1864 189
1542 1175 201
1912 1337 360
1539 1758 33
1217 675 327
1033 799 433
1263 1828 293
405 1225 497
1181 1403 129
104 1874 411
167 1397 83
853 965 234
473 1269 286
1418 1775 237
1392 339 28
1322 1291 135
1550 861 476
1007 1634 170
741 1656 25
1838 1853 39
541 1732 37
497 655 49
1052 1590 259
1465 1329 195
356 1793 243
1487 1803 151
654 1676 54
1471 623 146
1325 1239 376
519 491 161
249 346 288
824 1022 289
1399 228 154
690 1024 213
531 1922 76
1518 1371 489
1160 603 90
820 705 304
241 416 469
1261 683 158
1555 834 94
820 1627 465
1704 139 136
1926 210 333
1717 350 237
1720 1718 288
339 1916 77
260 164 406
677 1197 442
550 1866 62
566 286 41
147 1436 275
1068 885 324
1591 1425 351
1202 647 452
1230 1178 160
1075 811 145
829 30 264
488 647 454
1657 770 35
476 455 280
23 13 226
1059 319 17
62 1938 62
675 471 272
18 1036 354
672 644 286
396 1859 115
885 1665 98
466 1866 183
272 884 188
700 739 128
1920 62 482
817 574 122
1793 1912 337
390 1873 83
205 243 421
1288 1803 449
1450 1115 208
197 1881 88
1755 913 38
1900 49 42
1205 234 182
710 1730 389
1229 975 419
1836 1175 276
1424 509 356
327 1750 45
86 1175 229
264 1222 378
1847 484 4
1582 818 377
339 1135 295
452 1833 292
795 214 476
1911 766 475
729 1130 83
1517 1348 60
103 1079 212
1378 174 451
848 1374 354
1195 1346 490
405 664 231
157 745 195
687 1063 441
729 162 273
139 340 388
1550 8 54
1433 1036 276
1889 228 231
299 392 201
1332 1651 473
56 2000 95
603 1824 194
1178 818 135
575 168 125
1368 13 194
120 1047 470
97 1390 60
605 1917 420
1334 700 321
58 1021 384
338 173 186
1846 1383 362
1914 88 72
854 1078 480
444 887 65
139 11 142
450 420 248
285 1872 329
97 1987 203
123 996 446
49 842 134
328 368 359
39 1060 226
358 1253 171
263 262 8
290 1457 71
717 1607 118
1462 561 292
673 722 437
1083 122 362
512 75 379
234 1881 341
547 900 333
1146 143 240
974 80 250
1237 69 331
1605 677 330
1891 1114 326
1946 1219 427
1975 981 339
1387 1955 132
1722 378 36
305 793 442
1963 970 56
1513 185 35
1302 1339 89
107 602 67
577 752 9
118 1774 241
1897 599 300
1125 992 107
1197 1518 454
495 1244 183
1135 1086 377
1230 785 76
1631 624 160
1215 530 302
1414 529 71
240 1385 283
1397 1828 183
509 589 349
990 5 19
1904 364 416
1998 1251 496
358 34 56
1585 1269 425
585 1387 301
177 1873 104
139 943 169
1316 375 155
1285 1492 171
1182 1288 152
509 1651 459
1567 1252 423
1293 143 378
1427 434 465
1223 1899 77
1658 369 172
242 1799 240
658 1269 274
941 1071 233
729 67 403
1932 1670 431
1456 1123 436
1043 1357 248
218 1346 378
82 725 499
1138 417 254
736 261 331
652 1532 162
154 371 334
1539 1223 54
836 1524 387
450 92 326
340 1635 490
857 409 34
1543 276 457
1688 780 100
1505 1595 29
554 837 338
483 852 62
357 1992 478
1849 186 10
1033 1614 229
659 21 253
851 1988 428
1420 1049 24
1414 519 203
1518 534 129
44 384 461
1656 22 186
1877 579 395
590 1712 437
869 890 403
1996 926 77
1901 1547 297
1861 788 81
895 389 343
1660 873 253
868 929 337
786 1988 456
1964 696 259
181 1051 421
826 1284 336
95 1248 199
95 1833 390
1106 1672 362
1875 1508 39
1086 482 115
1863 794 247
432 583 298
745 1640 375
693 1580 162
1997 819 74
958 379 14
241 1309 468
727 977 86
1005 1170 72
1241 1662 340
1085 786 57
1572 993 287
1602 1456 171
581 527 90
1331 737 119
899 1705 495
1045 693 163
767 382 407
1052 111 311
893 1978 135
1816 687 3
1075 1398 447
1951 726 317
1949 1001 192
1950 1725 452
473 170 82
1407 434 407
806 1848 169
349 1762 268
1076 899 336
179 203 424
437 420 427
1623 744 110
1869 793 436
1877 1314 461
601 366 291
1013 642 361
1053 561 25
510 1391 20
527 414 347
565 694 170
41 854 20
816 217 455
178 245 456
1270 425 198
834 907 143
947 231 485
1858 881 362
1394 1180 147
1501 224 214
1572 22 432
163 967 401
347 103 74
1327 1874 429
507 1578 359
1736 1036 103
618 1477 318
221 1497 322
349 1914 14
1265 1173 418
1124 1184 232
242 1613 27
498 119 51
435 609 175
190 1838 338
1985 616 466
1223 476 486
886 1747 40
435 939 279
925 1858 199
983 1147 365
36 1140 79
1475 1303 175
150 521 343
1430 1383 465
671 89 239
1470 754 459
1814 928 119
1022 1821 487
692 1681 150
386 135 153
1116 1658 486
414 376 483
702 1858 339
1186 1431 418
1305 1751 395
96 1061 453
1357 276 177
1848 1047 111
1353 1358 305
1002 1619 45
1080 511 69
1660 1259 268
483 284 329
391 382 381
847 1249 302
661 131 375
755 1308 38
807 1165 477
774 931 5
784 1350 449
1254 1576 6
1797 138 167
926 1484 446
1855 750 298
327 1119 88
967 737 63
1701 694 280
420 1605 246
346 999 64
1148 1772 480
480 1600 92
974 349 271
1574 150 335
673 1854 427
1928 356 146
516 1925 413
1944 1116 84
1269 414 45
1714 890 23
464 1610 111
533 35 355
94 1797 296
402 1373 251
1149 379 315
1263 25 16
251 858 363
1906 61 293
4 1457 264
123 845 30
1868 1005 334
31 884 19
676 445 207
609 1354 456
991 1123 454
1796 1454 232
161 100 424
1141 592 196
1917 1089 133
1690 291 156
127 1064 138
836 1705 143
1748 315 40
1072 743 235
1215 696 497
1571 186 105
198 1023 406
727 1764 289
1545 234 387
1908 1768 282
482 1453 137
1104 1494 64
1626 1655 197
1161 671 27
642 1352 239
233 1943 290
880 1095 291
702 589 301
837 1683 199
1236 909 62
1364 1726 113
1 1460 251
94 1973 436
1738 177 381
216 486 372
1141 1311 375
1902 366 474
176 1505 38
1329 495 465
358 677 35
1517 366 199
1144 1945 482
855 148 128
1582 1500 492
1615 1187 35
1402 1037 51
571 590 88
1001 48 31
516 803 467
836 683 204
1272 702 349
373 1077 119
1488 890 259
1519 687 149
206 678 118
142 825 270
1806 1237 450
1811 1702 288
859 888 29
1273 670 316
1438 959 155
925 1640 104
1291 627 400
110 1943 132
1623 700 465
1519 512 432
1762 1899 445
1354 1905 129
697 1635 499
1288 1614 155
1863 855 200
484 900 133
1154 1617 425
1877 319 110
1892 800 460
464 1482 363
1604 859 321
407 1787 97
1148 1528 435
338 1039 82
1908 2 262
1302 80 63
1723 1368 59
1172 1354 200
1639 13 193
646 1981 440
180 558 150
348 1691 460
265 1059 181
1993 498 81
120 166 148
1030 1302 432
478 760 249
453 1319 303
1443 1160 162
1065 111 107
1340 634 80
309 122 442
699 802 141
1176 535 399
681 667 361
517 1900 459
748 182 438
295 742 249
498 1008 115
714 910 92
782 662 288
16 154 51
172 539 314
415 281 316
1224 782 264
1717 1951 350
1566 1781 351
1719 524 43
1641 434 224
793 1551 12
1886 79 285
335 874 27
469 649 204
1689 412 437
843 1083 325
1410 1938 275
1021 1033 145
688 1692 67
444 1429 259
1763 225 164
1186 1637 42
826 1269 230
1048 1415 277
358 838 493
1740 1476 393
1352 937 176
1685 1469 112
1407 468 411
534 18 158
1302 548 500
597 1829 17
94 1278 289
1629 764 255
360 195 398
1838 475 223
218 1022 236
185 1703 360
1547 136 391
1433 1651 6
1453 1110 323
634 258 232
538 28 321
1246 1544 98
1360 1611 314
327 1149 24
511 1924 433
1422 851 180
1240 1071 412
644 1753 303
76 1687 251
657 1583 20
192 1855 274
994 1681 10
1018 47 291
529 1964 264
456 92 97
316 1896 116
513 1327 266
1910 18 132
734 638 394
1487 1685 369
217 1380 3
1556 1720 216
235 118 492
793 1371 483
1503 159 286
1491 580 474
1232 1730 310
1589 653 381
1739 1202 188
1134 1781 299
1489 71 320
263 433 225
1601 1017 433
334 1902 23
194 1355 91
1956 339 383
197 955 108
487 1333 419
1969 1473 304
1859 1518 51
1380 1313 257
1268 1501 124
308 1384 109
746 1462 370
1536 1799 200
783 160 317
708 1382 36
882 1736 139
412 257 479
388 560 290
1897 945 377
1741 117 178
1560 1327 264
87 1440 238
1127 655 34
890 1371 45
574 1237 180
1314 573 324
872 1343 73
406 838 279
941 1781 119
1044 1922 282
283 471 149
1878 1943 288
1525 926 238
1831 155 174
1469 479 40
1426 1971 225
100 1721 353
49 1385 123
166 783 33
564 1215 68
1903 465 205
798 1271 419
71 1973 33
962 1690 491
1780 435 101
1259 396 425
1762 1338 100
1688 58 310
384 455 244
214 545 476
297 1141 446
1306 1258 26
1052 270 219
725 1637 253
379 480 445
1096 884 424
1820 29 320
628 1374 482
412 1242 145
243 779 374
1001 297 290
1684 1714 112
1443 1437 234
624 1932 228
1742 803 130
784 1734 490
281 578 157
1755 949 253
1842 998 417
1330 1910 314
175 1777 117
910 661 251
534 447 259
1830 950 313
1137 1230 495
1569 390 145
1887 1357 32
1389 22 482
1578 352 44
773 1623 120
1957 1289 265
1621 925 144
1191 660 311
1900 1598 185
1915 1112 2
615 1311 67
607 18 264
76 190 393
305 1775 293
1281 176 250
354 1262 71
580 772 316
344 1430 202
1861 1149 351
49 1698 467
1901 1543 27
37 336 121
306 344 399
349 458 92
1061 1185 308
1482 1050 48
466 1235 354
1652 1296 379
1609 1832 408
352 1203 358
1781 96 470
1321 746 330
673 433 363
1960 523 455
284 1977 453
1427 1489 397
897 887 82
707 1536 22
600 1690 464
1528 147 67
349 1240 294
112 1012 171
1652 1814 398
507 1292 64
284 960 135
1285 659 465
256 138 422
130 1217 478
1841 425 92
1057 116 51
1296 1340 472
28 813 209
134 1778 421
81 622 465
341 728 121
627 143 119
106 366 61
881 701 118
1114 1275 278
1565 244 76
1629 1168 134
1253 1317 292
898 1472 42
1368 1329 495
713 1397 314
1143 919 300
273 778 51
1894 805 118
1380 1698 119
1331 1842 110
1816 34 170
1495 1773 127
1348 1759 289
336 156 216
485 387 332
1782 1623 355
433 867 319
833 1201 242
1834 692 80
566 1371 114
322 1889 248
1501 1851 461
925 1286 88
1853 1943 91
769 867 327
1131 627 297
1200 1294 364
225 874 94
1361 1029 481
1105 264 195
610 1827 261
657 1428 3
1426 501 401
253 317 123
1030 1643 277
487 1933 29
1073 776 461
245 248 153
435 1603 54
572 1027 475
1334 1136 176
1180 264 135
460 349 248
667 1080 326
72 1884 208
1557 1287 15
1137 1390 135
521 698 148
564 1439 292
908 97 345
1430 471 298
949 1973 115
191 1397 201
306 388 483
1667 1571 217
540 1543 213
280 435 413
329 1032 224
1260 1490 397
1184 1571 295
866 254 172
1489 609 310
1505 1813 157
1290 649 156
784 126 471
721 67 496
1625 379 375
811 1795 360
545 1540 137
1417 1542 31
763 1515 188
1899 643 436
591 904 108
1958 1803 11
1325 369 248
11 364 84
35 1047 184
710 1869 216
1921 301 210
1053 1806 459
1900 204 155
591 1451 306
989 1146 207
1494 951 470
1328 494 430
1770 1269 366
1354 668 253
1185 1206 448
161 570 258
1941 86 471
960 733 10
1704 1137 52
1604 1665 33
569 97 388
800 1273 421
1294 378 303
975 500 246
1448 144 63
658 951 364
335 1838 304
1026 1503 238
475 857 377
464 1626 47
1627 815 242
1543 1939 488
490 1793 235
803 1496 169
496 1906 442
156 1064 420
1468 1926 289
829 186 369
1016 763 309
1760 1314 188
1313 8 469
1590 1589 195
578 1448 286
717 962 283
1533 760 251
107 1400 262
660 588 367
1702 751 427
583 1747 38
341 1942 252
1216 1693 348
1969 966 64
1922 1649 13
710 1061 185
885 1616 449
1831 239 382
43 1690 91
10 599 261
586 196 262
586 1025 27
739 969 65
1499 472 173
518 1692 368
1606 1801 372
1183 516 311
581 1401 107
1714 1665 326
1995 1990 446
1774 1738 237
300 1996 296
898 1288 416
1722 1384 386
1626 1150 221
842 945 441
1505 1360 23
750 969 138
897 451 239
190 1247 186
1916 1408 82
446 924 199
757 1849 469
578 1541 196
1778 1806 56
224 1636 135
323 903 269
1436 1459 489
1289 1731 333
1904 1191 252
1232 1098 126
856 1604 372
947 1453 289
706 244 64
570 750 393
1972 174 441
178 1333 491
452 1282 495
1101 1354 358
1484 1725 378
489 819 19
56 267 430
1540 609 151
1990 572 119
1429 1630 311
1617 1191 230
1970 1670 264
257 1093 347
43 1961 30
460 461 273
1440 192 97
1082 506 176
451 522 174
192 1191 35
1321 863 387
608 691 204
676 1261 362
42 468 371
1588 1597 364
1626 1866 245
1041 1386 200
1074 1828 175
401 329 486
1973 1445 262
1267 178 258
738 911 278
759 1792 126
274 1508 170
760 624 361
777 1333 346
1661 1869 6
1631 379 126
269 989 382
1947 1805 69
1414 1635 124
309 337 302
1719 1172 183
1068 1207 147
370 1001 340
642 1113 176
119 345 274
1053 1156 496
706 853 284
1784 1360 184
303 1316 457
534 1353 414
251 668 229
503 519 129
1055 290 345
1733 1566 75
734 1418 201
375 499 273
1988 1149 260
710 1853 152
518 1517 72
200 1874 288
786 619 195
211 1017 429
371 1479 420
1709 832 322
960 981 129
1838 1068 92
1398 1028 193
279 11 215
965 1786 473
685 1365 159
1549 936 140
1806 1603 21
354 595 302
725 64 246
1505 749 6
406 661 376
1823 1448 308
1611 855 484
1277 332 187
672 1881 409
1593 307 254
87 602 229
641 1322 440
1630 1657 152
827 1108 234
1786 1578 72
1512 1381 346
1995 228 301
523 117 267
1202 364 203
901 976 364
1514 612 329
1976 1007 482
1755 635 72
1972 1451 359
31 396 460
786 1725 16
1609 61 117
736 439 172
443 5 301
1418 1263 395
1924 250 95
368 1353 342
1788 1034 324
764 947 331
723 90 386
871 860 361
20 1058 455
1705 1263 338
620 670 244
1707 1548 87
409 1725 353
1448 82 118
1259 1361 88
709 1216 310
493 1010 404
527 379 311
1793 1232 61
1482 1992 325
15 1047 197
1118 218 137
736 1383 259
1528 1352 118
1187 882 288
701 23 387
484 1917 400
1333 1909 455
1741 31 396
790 1472 180
628 1281 255
915 1582 7
1812 482 332
1396 1463 408
265 1846 106
1960 1820 376
773 1183 363
461 571 279
1758 1773 376
157 1756 319
1557 663 482
1710 1461 158
442 257 386
515 909 496
1339 437 263
614 1287 111
1946 1448 82
1022 454 175
893 681 112
1621 1216 11
1058 1800 300
1868 778 327
1947 1300 469
21 1283 360
1750 1399 237
1495 239 401
554 1876 59
520 330 492
308 790 168
1259 1307 451
1794 1458 474
1603 1205 280
1685 160 88
1832 880 306
1833 1065 244
827 104 125
644 543 19
987 762 8
961 953 270
431 947 317
1550 64 240
1562 199 102
688 1804 475
246 163 216
1915 584 43
1726 919 86
1487 680 455
1609 1706 260
1068 373 251
37 244 417
230 1046 226
1267 1483 158
454 1561 381
935 595 236
1446 450 302
23 905 130
1246 291 500
712 636 58
855 595 93
1154 1041 307
853 496 465
528 358 216
356 284 18
403 437 16
1366 290 380
502 631 220
1091 1347 33
103 122 277
1710 1583 459
1315 1628 436
1305 368 282
808 852 389
843 76 181
1014 1124 248
382 314 283
648 1937 310
1913 1162 257
403 802 457
1629 1935 189
730 1652 98
105 577 317
561 1970 494
736 1218 253
1090 723 393
1331 412 34
914 1483 327
457 1081 250
1534 1044 375
174 405 165
1749 647 49
1860 470 365
787 1715 423
382 817 247
651 799 46
507 469 456
140 583 20
1741 958 344
1526 1003 482
234 1958 452
239 438 216
1677 1980 149
312 888 49
437 1805 273
738 662 443
1870 1081 424
489 107 67
1511 760 243
1646 870 326
555 48 132
1274 1574 136
1756 640 98
1889 1341 159
793 1428 285
522 1656 143
241 276 189
570 929 11
611 793 476
1542 1578 110
1835 897 278
1968 491 257
352 1475 492
293 1319 74
934 1669 109
995 1129 321
1799 850 497
644 1693 469
1616 1557 160
1847 356 465
212 846 444
159 1874 369
1509 732 275
1021 1652 415
475 63 182
1312 1272 438
204 295 29
1139 1584 164
1421 815 336
1852 1364 183
1474 447 17
430 1195 303
297 146 336
875 507 312
773 1286 256
1238 1516 485
357 454 42
968 1198 144
1412 1572 90
1651 845 428
1692 920 369
58 504 215
421 1187 259
518 1638 250
779 1702 260
385 1574 449
1816 1400 80
1818 43 332
647 1771 335
260 1287 137
1195 1749 339
635 67 455
130 632 323
9 229 466
461 1005 304
1319 347 465
1438 1471 213
1925 834 350
1671 454 8
1780 427 435
545 1173 306
86 1287 302
503 181 454
1121 1895 134
538 600 403
943 665 405
335 1478 308
1777 521 48
115 414 222
68 1436 393
207 1194 500
740 126 377
312 1088 133
902 445 7
1503 1430 167
760 942 221
551 1446 161
1184 1739 230
1535 72 94
1455 128 408
1880 1764 179
753 695 397
275 364 411
1858 93 132
943 85 342
1036 1228 140
1305 1615 361
6 1556 42
240 1158 464
495 352 192
349 19 276
972 62 448
82 981 133
528 908 403
1967 276 267
767 403 330
1016 938 168
1485 1368 459
83 1482 379
1049 302 127
1340 694 445
341 1851 26
490 1967 255
870 1180 281
382 139 324
322 1538 242
1584 386 192
1741 1691 115
1484 1995 408
1738 14 88
1958 1132 419
267 576 122
1857 1861 346
118 980 294
32 1074 401
1250 1178 146
1587 1740 308
1089 367 334
482 604 296
577 1526 479
1496 1850 288
100 1625 105
1735 1845 303
341 962 364
1129 757 102
1633 1131 277
530 244 387
1344 1367 23
714 160 97
478 496 250
1033 1145 463
1911 401 202
1865 372 244
963 1025 26
655 1450 483
306 864 112
1686 223 292
231 13 371
385 1008 393
127 308 307
722 333 357
1911 312 436
1315 461 419
1847 261 164
810 869 151
1080 1765 301
1932 672 10
20 897 344
1254 759 50
1135 1623 303
1103 1820 211
994 1722 459
462 356 71
558 1781 354
1772 676 7
53 1199 42
1804 1182 212
1745 1036 297
1687 635 269
219 650 465
648 1649 455
632 1418 177
1256 1435 161
227 122 257
544 225 135
1927 488 387
691 708 68
1165 482 498
1719 37 260
1116 359 276
73 1062 202
1124 1746 445
1361 371 115
1760 111 70
671 978 447
1176 500 81
1147 909 308
1873 1700 47
1581 301 308
1760 891 79
464 1996 271
1726 74 312
345 309 272
143 823 54
1802 28 333
1188 668 164
1621 841 139
53 140 150
1253 632 180
328 1575 343
71 1971 431
761 1796 261
315 1030 105
1701 524 106
969 1209 286
1013 978 49
491 1957 349
1112 406 447
1728 307 382
338 1321 188
1547 357 10
1129 553 263
33 207 494
1717 556 413
593 182 239
620 604 258
1153 803 377
169 1368 302
1917 1413 365
696 456 95
571 1761 45
302 1631 205
1689 1237 196
71 210 9
1448 625 398
1073 422 153
51 298 390
47 1158 426
1658 1323 395
1901 1522 57
411 410 170
1663 1876 142
74 1507 144
1731 334 402
1081 7 243
637 2000 327
371 1674 21
1221 1936 32
609 1431 335
1054 1589 359
654 18 394
1336 350 14
1945 966 159
1463 1129 69
864 448 19
202 891 332
330 766 268
788 87 151
1489 1096 342
433 1079 381
806 357 167
1254 1193 468
479 1669 340
325 1958 85
729 1192 496
1729 1157 282
1251 1287 265
528 1167 66
1923 837 424
694 683 490
1170 1922 75
933 1912 402
1701 1982 293
1453 476 200
1223 772 436
46 1776 233
1723 1596 435
1126 284 61
1646 390 189
954 1405 169
57 209 220
1570 251 14
1493 1878 290
598 520 230
793 498 190
1277 881 126
383 451 164
954 1735 93
1044 355 423
1838 1801 143
473 986 71
503 905 185
143 1029 426
1522 1631 81
1328 1296 220
287 775 276
872 269 292
612 221 331
1427 1856 341
948 313 459
2 935 454
1425 931 102
502 1862 423
261 711 25
877 1274 378
1754 1013 331
646 1725 359
1093 1313 448
889 1356 3
1130 1610 455
1892 1574 256
1326 321 189
557 777 117
1435 482 190
332 1433 283
1029 2000 142
147 1359 152
771 391 257
853 1695 493
895 903 289
695 1037 408
4 88 204
798 1568 206
1844 727 274
1200 28 185
676 514 315
56 266 391
1954 587 380
735 270 420
521 1809 435
15 323 350
1397 637 312
1046 422 290
504 1846 200
605 1184 323
1076 150 307
1642 839 4
207 1305 432
768 902 256
415 586 169
172 161 211
1345 464 319
1723 1024 397
1991 1219 258
1780 1784 121
241 545 169
91 962 378
1693 1406 209
1935 38 156
1810 501 20
523 317 442
719 1043 282
572 131 106
174 238 119
155 978 257
80 713 25
354 1732 52
164 843 442
1884 92 160
407 729 196
884 225 199
375 504 151
1584 488 344
938 130 296
920 907 148
468 1164 153
720 583 31
1419 62 327
1028 1997 432
1107 1806 175
1613 503 266
1251 1987 64
1498 193 48
433 1128 423
1899 1663 88
1454 1468 79
262 1574 473
701 1343 280
59 1945 101
1814 569 279
1798 1567 451
65 1074 93
1785 36 355
739 1172 406
1913 351 153
1282 1873 448
1366 1321 218
531 710 201
1387 1363 273
1403 640 430
1718 1868 11
806 1834 296
1984 560 130
1446 1532 383
1837 1351 59
492 1697 167
1968 846 6
588 1645 488
998 340 211
34 1574 437
323 1156 101
1870 1150 8
36 1769 474
1002 1586 223
509 645 441
1332 137 469
1933 296 53
1226 803 93
1723 186 201
1414 1190 467
1588 903 6
1848 1769 285
174 1522 80
408 1765 121
854 1228 253
739 66 265
1288 1639 99
1690 331 367
855 1436 111
980 1783 418
725 1154 117
1312 1722 442
142 581 68
550 438 489
1884 625 428
895 292 43
1775 1417 95
1748 1761 33
1334 470 241
872 306 467
1576 1390 203
1585 951 457
1839 1187 204
1497 1071 263
1262 675 333
1532 674 56
1947 1093 80
1713 1051 278
1321 853 316
1669 1489 207
1979 1822 476
564 1037 146
93 1858 168
874 1271 10
1984 790 456
752 1720 176
1787 621 490
887 1172 161
751 564 9
574 818 291
1111 1667 211
1069 1443 181
966 184 227
1547 161 72
492 1564 95
1889 1604 318
1294 1469 26
696 56 355
1533 1157 4
1479 427 159
643 557 32
833 1953 472
573 1485 451
1440 521 248
912 196 149
1643 251 279
1042 1934 247
1329 521 127
1966 584 250
1217 454 177
1702 77 149
917 1694 369
334 1608 491
223 476 349
1359 501 151
1670 1019 395
21 340 287
1440 642 258
1695 1296 135
359 1235 440
1688 158 366
996 1184 449
686 1095 353
1668 1187 345
1352 543 73
1269 1054 302
1318 811 300
381 1533 331
416 1067 340
252 1968 390
1776 84 398
464 246 124
621 1961 152
1950 419 84
254 569 76
1814 1443 333
1134 605 23
780 473 173
265 225 180
113 80 118
893 552 377
987 721 149
236 137 392
419 1345 459
1116 369 349
352 507 151
1 1861 346
1474 1708 498
947 1381 380
1088 1723 295
603 684 129
410 1831 414
1433 380 131
678 1916 185
35 1534 363
578 958 386
994 1933 459
373 1287 81
87 361 459
131 488 277
937 325 465
1312 884 462
1536 908 414
102 1756 432
1406 851 444
1975 561 347
1171 1867 104
1005 478 45
1425 375 130
37 929 177
651 500 121
995 1518 31
927 1899 181
1207 1255 69
533 783 329
167 1506 398
1677 321 407
1726 1538 405
1468 636 403
919 1715 197
372 1503 411
584 1483 374
1750 409 282
73 1367 361
1884 583 219
1387 1678 315
1375 1075 392
1759 1917 401
412 299 22
259 1238 285
1013 446 60
1019 30 479
1872 1073 445
1982 764 497
1444 1847 442
1024 1938 136
1772 403 382
629 721 429
787 26 205
1083 449 450
657 89 28
429 1754 31
447 1215 44
1552 988 57
1678 1914 178
957 173 47
1878 1657 116
233 843 73
1161 912 200
546 1849 43
39 1793 189
1564 632 24
1774 1306 354
17 394 280
1593 1376 119
1692 619 371
728 120 24
316 542 271
1289 1003 276
99 904 337
1070 433 498
296 610 449
760 1347 464
1773 1623 157
1727 72 77
253 976 432
1429 1389 167
1255 530 247
1905 1408 470
1903 573 462
1015 814 417
665 549 319
263 29 182
1020 1422 55
573 795 487
753 321 437
625 125 322
662 1692 81
1546 1519 317
1233 1313 109
969 981 481
595 1129 309
59 1805 436
1435 1266 397
43 1936 46
210 1025 261
572 1912 1
1691 1660 231
1141 1429 390
1008 1684 493
1962 112 215
949 278 298
1535 1671 454
1355 1058 307
1210 1535 205
896 26 71
1565 1010 105
469 1529 15
1786 1220 30
1283 644 289
163 900 81
221 44 5
54 816 458
446 497 189
1465 633 47
1066 116 344
479 1631 8
795 102 66
192 139 296
409 748 367
791 712 173
1558 1710 168
755 298 217
9 1240 491
1776 1111 96
1178 1641 286
1938 615 126
1028 662 421
1270 697 463
1038 162 430
859 1718 343
591 456 268
410 1465 129
1054 1312 472
1017 1893 23
1812 336 285
1456 299 192
974 831 254
1170 1271 220
95 605 341
412 534 262
220 1679 247
1244 1525 419
584 1782 47
713 807 183
900 686 106
208 807 21
1872 1589 111
1210 1923 425
505 1826 460
1907 414 182
1327 837 31
1781 236 26
1217 1962 80
1505 1861 93
1580 1151 420
1197 1655 377
1442 230 118
1162 648 96
1533 1618 364
1327 764 180
476 164 31
337 1589 424
1617 1618 429
944 95 230
854 1261 168
131 290 436
12 915 204
1045 1277 474
1133 1999 169
1654 1630 331
946 261 15
962 27 350
1177 1484 420
787 940 19
423 1298 4
87 843 87
577 1267 81
533 845 488
933 1303 40
1417 1071 76
402 974 219
242 876 397
510 1712 356
1437 1443 398
458 525 481
921 1759 9
453 775 474
1467 117 315
1499 721 334
1293 811 292
295 1533 317
1760 264 6
1598 1003 298
594 1032 323
1455 1034 84
1780 1768 254
1717 1830 45
1670 135 294
1802 1059 312
1966 1535 5
278 786 321
1617 97 294
1495 1194 454
533 1129 76
1123 819 228
1840 881 18
674 58 452
953 1173 112
1342 761 362
1662 1507 13
1794 131 199
1042 1212 327
1469 242 100
773 302 420
1792 147 125
359 1270 447
1609 1758 473
501 1616 312
123 1126 143
1025 1450 435
1085 17 101
1778 1032 115
1386 2000 241
1105 1237 396
1772 1614 231
1667 809 16
1360 280 421
895 1758 194
1939 706 188
1064 940 492
534 824 357
966 1721 187
160 1583 413
1451 1302 484
564 1810 384
1213 10 207
1027 1963 211
555 396 115
1777 85 163
1303 1627 265
835 520 238
1685 1715 144
1885 513 396
1165 1218 65
1315 1541 210
1252 1548 331
1277 1175 443
1130 844 475
1078 1013 398
1531 143 299
1974 1398 392
680 1037 283
1328 239 99
1777 711 101
844 1937 488
809 843 250
446 998 335
1389 766 391
1708 37 172
169 73 332
744 1258 495
850 1065 259
1528 1754 174
1699 833 218
309 1311 189
1036 1878 153
563 1319 345
993 341 71
1247 108 298
1260 308 111
909 891 372
1576 1928 34
776 1495 427
1409 547 376
1296 137 19
931 1767 470
780 1232 10
72 1246 276
1803 1621 450
1551 1341 189
1048 315 100
789 1286 249
511 189 68
71 70 432
1051 1186 200
1554 863 45
983 522 106
1073 1059 72
1308 1291 117
312 1984 283
764 391 148
777 224 477
283 837 488
508 950 191
377 1185 333
1341 1761 316
331 1257 325
1580 1545 306
555 176 155
1162 531 19
303 1967 268
1691 1523 370
1981 84 441
965 609 11
1893 1935 192
665 1085 190
931 260 35
1547 1205 246
96 122 115
1031 1804 265
1412 868 374
1101 1825 204
1017 1752 425
1610 1147 159
1821 1205 493
1671 174 247
311 643 361
781 282 416
83 1185 303
545 52 42
1197 1156 286
780 470 280
839 71 170
728 459 462
405 476 75
159 810 179
640 245 328
1213 1280 496
1612 1542 306
548 790 431
725 404 244
1375 1723 161
1949 1164 22
1456 719 123
410 456 424
341 864 428
1297 1223 258
1079 1495 245
1580 1848 421
1359 147 317
1190 1004 189
1802 1245 142
1952 251 442
1245 1249 10
1023 1939 155
50 1527 472
1880 1861 369
784 780 346
252 377 425
1002 1070 441
1158 1152 250
1552 39 480
1195 393 320
466 1162 151
1206 1982 174
398 1762 105
1118 727 283
561 638 252
1382 782 48
155 983 218
846 1886 315
122 1959 195
72 205 18
585 1797 360
1327 538 43
1571 657 434
1579 128 74
257 540 193
341 808 323
530 1946 418
1157 207 233
1236 714 435
920 653 88
234 1834 48
1701 1668 44
662 917 38
419 933 145
260 386 81
552 1908 177
777 1752 375
1250 1837 321
241 1107 485
266 670 13
1942 659 382
924 867 473
224 386 148
1183 898 68
994 1854 56
1358 285 492
1883 1275 233
402 740 381
686 1885 350
809 72 40
1352 1394 483
1020 1954 263
111 1673 309
1279 146 7
1228 1409 432
1912 1474 302
784 766 354
1689 202 390
1458 1997 68
694 1583 339
1956 993 108
1836 1222 253
813 219 490
1981 806 458
1713 483 56
637 1781 452
1114 1379 362
518 44 405
154 1227 1
1377 919 132
555 1891 475
1894 1011 118
477 368 80
1625 1274 429
1775 935 202
1980 1773 412
252 1958 218
524 599 434
934 102 47
236 16 70
1775 1050 364
55 1484 406
1236 64 394
346 1899 8
1338 704 418
803 27 370
724 822 77
265 663 486
443 92 99
85 1284 396
1023 1674 236
1573 1634 150
55 1344 136
1883 1919 243
1437 520 346
1311 841 197
1510 1493 44
116 1900 99
1275 324 138
650 68 425
716 76 183
96 270 26
14 1157 172
803 1702 486
1898 278 386
1545 373 410
24 1297 230
1924 662 237
581 802 482
1410 1564 230
1929 1050 449
924 1832 324
1141 1735 444
446 1571 340
1336 1401 477
1945 1696 360
17 1745 392
1364 670 281
529 58 464
535 120 392
665 1424 25
1585 1998 316
945 1623 214
300 351 392
1205 1327 307
701 863 470
1872 472 249
484 1972 432
844 610 318
1377 1074 150
431 731 450
1866 1492 349
631 1907 139
568 219 291
1491 720 436
1256 65 1
167 1854 413
1478 829 342
1970 120 131
464 564 424
917 1082 302
1734 1061 386
955 1358 296
11 1669 48
1417 10 110
1160 149 6
698 997 263
529 873 9
1197 693 227
1817 243 203
1756 355 218
1353 523 217
403 1554 366
1252 657 58
1968 1725 473
35 206 63
1141 311 202
393 1390 234
1296 821 241
1027 961 265
1724 82 406
1021 382 137
527 1809 53
976 1396 136
1363 1833 340
881 309 372
1571 1245 458
253 1675 474
156 911 19
1830 1834 421
100 1443 450
167 353 166
1795 999 153
449 1881 229
1046 809 240
1008 496 36
755 605 58
1915 329 305
1700 603 465
1770 1902 417
1526 1874 408
716 1665 488
158 1498 63
551 1114 121
1057 856 267
231 869 70
324 788 433
1984 1238 12
1967 1327 423
921 53 456
1060 389 390
1204 823 455
1373 1582 440
1886 1736 329
65 1390 152
675 1340 23
742 469 50
51 69 296
708 868 263
1994 668 378
1025 689 402
482 1411 345
696 76 18
1953 308 160
584 1488 267
1595 801 4
1569 36 336
163 1375 281
218 296 392
512 360 140
1437 1973 47
621 359 361
19 1891 477
307 1537 377
1661 279 89
1002 1387 156
1706 1596 13
979 1841 305
806 244 268
781 433 363
1084 447 99
1011 620 408
1620 81 168
15 831 225
1000 1597 192
1196 185 265
270 538 434
11 1988 326
667 1631 93
22 1938 443
768 1341 474
1720 1901 114
845 477 164
1698 720 16
1525 1145 312
1863 581 457
1019 990 400
748 1349 277
372 1911 400
1997 1324 470
86 818 356
990 1786 151
1564 1945 152
689 1996 393
989 77 235
999 442 425
67 1873 187
313 1864 106
183 390 26
1261 382 146
1228 1525 59
641 182 319
1492 1248 115
1248 1307 480
1608 1809 73
733 1279 460
724 1736 379
1649 1305 185
462 476 500
385 645 137
632 1407 245
1665 645 118
254 959 12
174 1556 276
904 1450 319
1982 1450 373
915 1315 60
1056 1036 148
1365 680 100
571 1196 499
870 1386 154
1765 1918 453
624 723 103
543 1750 215
1995 128 141
239 1205 181
347 1274 239
1360 180 344
583 466 111
1292 87 110
1999 1740 176
624 131 17
1663 1454 413
1669 1517 94
1790 1737 181
680 1544 186
1063 797 208
1829 1024 240
186 1029 87
1555 271 334
1914 126 469
1084 21 360
1733 1390 110
318 1526 171
1077 1796 200
533 538 388
1707 672 53
1454 425 57
1449 1106 205
580 641 136
253 1238 171
1729 767 11
1425 260 343
691 988 4
544 147 387
1833 996 443
897 753 89
813 1019 400
838 1056 336
1190 1001 199
1825 16 182
556 626 309
1883 504 166
1459 25 347
1208 1016 344
319 574 246
643 1730 463
51 1214 157
667 348 271
816 410 304
402 558 314
1772 1396 227
456 566 142
517 1005 478
364 1139 48
1939 972 113
1023 770 123
1012 1079 404
206 328 124
1705 1764 211
1505 1501 104
1067 236 334
684 544 209
1510 1701 4
1804 575 86
271 1696 96
1005 187 178
1605 1565 487
1766 982 21
1381 1412 40
37 202 165
1680 831 441
280 868 319
1920 1072 467
546 658 375
1629 1672 227
1981 1195 352
1706 1201 112
1082 1012 184
1496 947 146
204 312 295
404 806 322
1443 1291 426
930 751 116
946 1037 267
674 358 252
1282 1719 175
185 288 69
819 578 500
563 132 202
104 185 35
1481 1956 483
1714 1646 132
1806 1605 38
186 287 298
1666 551 254
880 449 329
1202 385 129
1920 450 46
683 1865 431
818 437 212
31 1929 399
1121 61 124
1720 1118 106
614 1606 7
1936 41 312
381 1296 361
919 1671 361
1896 63 154
219 351 376
668 102 359
80 1055 255
1936 1079 143
812 1370 156
293 82 201
509 1545 454
494 779 343
973 1478 22
81 161 399
1176 761 289
1065 460 385
106 1975 324
18 1131 357
1764 1552 25
1733 379 78
132 1941 16
654 1818 82
877 1388 193
1699 83 120
1987 727 395
113 1504 473
435 1903 132
829 135 83
1201 1827 90
98 419 96
356 991 118
130 894 329
660 1173 500
1764 1868 15
1817 1759 82
351 460 378
1980 1918 230
864 1488 226
99 300 479
1696 354 11
989 287 367
1153 141 357
999 1818 464
1238 119 51
878 1175 404
1185 1769 420
1191 1360 104
1001 1735 123
834 841 272
547 711 108
850 705 190
240 1469 481
341 770 420
817 1066 462
1983 1965 374
718 685 72
1563 186 185
391 1198 345
1237 216 181
63 324 74
1685 1000 1
1807 1795 61
333 26 22
4 1939 470
421 364 114
750 477 441
427 503 261
76 1849 439
388 135 445
431 1466 80
473 1423 391
1028 1152 429
929 1998 139
1903 1796 220
967 1673 374
641 154 286
43 431 326
1850 1351 427
672 268 235
1275 1037 468
1906 1827 211
1508 819 443
1117 1631 369
940 1612 62
10 101 141
234 1621 128
751 1249 200
265 1543 361
1137 946 148
778 339 460
1080 11 175
577 1876 72
931 1218 367
1921 1750 450
1323 550 213
356 1263 445
1978 70 400
916 44 115
628 1304 310
1750 623 397
1499 179 338
961 1997 9
1818 1155 493
1348 1035 291
1054 1966 120
711 493 485
292 47 381
1350 1837 161
174 568 296
1395 916 130
985 1190 57
1943 4 432
754 1980 232
1164 170 390
716 913 155
1329 1663 292
906 1511 152
530 885 261
182 1426 196
845 1256 298
653 983 165
1747 1783 485
965 1489 176
1449 1359 377
1969 1656 434
1711 275 25
1925 1803 476
1178 1928 67
1132 1467 296
1981 912 385
846 1161 38
149 407 334
490 632 270
413 1616 321
1214 1597 332
713 105 21
1295 214 153
1887 34 327
1399 1011 184
1343 118 236
399 1385 97
1044 743 303
731 1205 226
933 1893 430
779 139 393
996 433 421
1878 1199 142
392 944 288
845 1518 237
1232 690 334
1132 1125 236
1600 969 27
23 833 273
1754 1506 496
1508 754 22
1552 1036 79
1721 1666 292
514 1938 33
1669 1011 446
1870 1847 284
417 1827 171
1186 1473 43
1119 1603 60
1 678 472
888 416 446
43 524 152
364 680 380
585 1315 448
1849 720 244
1730 106 492
1256 1166 487
1619 1038 53
660 249 94
1782 1080 204
1134 146 90
1117 1736 175
115 170 104
1700 562 113
612 1970 201
1671 933 418
1836 52 224
1629 674 110
1689 196 354
1547 1138 222
968 521 443
934 909 476
1565 1973 249
1247 1333 175
1458 1703 42
1265 203 282
1009 1379 379
1705 404 107
340 1143 52
1914 311 253
960 829 228
130 151 55
573 929 85
1477 1960 126
669 938 194
1070 1857 427
886 1555 323
1750 750 167
911 1479 462
1434 172 339
327 242 159
1729 448 387
1881 1061 350
472 341 211
1173 496 278
419 932 216
1774 1074 165
199 39 33
1166 143 253
145 911 108
100 1703 398
1879 763 456
871 325 70
640 1439 283
72 1379 431
1916 1136 152
805 1169 400
1733 343 33
98 1030 383
897 134 381
906 429 469
1070 59 87
1497 1568 94
1311 1697 8
850 1909 214
1169 1132 391
761 1195 217
446 539 184
1309 278 251
1907 1125 180
1955 1751 286
1068 954 68
815 779 12
300 1334 427
54 213 289
380 1363 449
1558 1493 487
282 1503 123
460 886 108
1569 1598 166
1083 537 7
499 513 106
1543 693 138
427 1388 104
156 1854 477
207 1969 216
1276 339 114
273 725 404
809 567 322
1285 1597 408
480 1602 223
767 1047 49
397 494 268
6 772 258
1634 148 19
419 1883 470
1838 1267 440
871 1520 119
1128 1956 245
99 1945 272
295 243 84
146 1511 499
1757 613 370
593 1742 397
965 1756 184
48 498 155
1195 315 347
1634 236 97
1920 1633 231
96 124 134
149 1687 336
859 642 28
1116 1545 484
12 1022 439
120 1127 164
1198 1405 136
1984 1437 453
1420 186 448
738 749 78
980 1310 115
1334 577 111
1354 1942 252
930 879 246
1580 765 388
1524 1171 334
1753 90 384
1586 1728 62
1043 1438 299
777 322 416
240 1805 311
722 1405 195
356 1970 313
987 289 37
1323 1308 500
1302 762 399
1105 897 197
1967 637 217
820 1900 197
1777 526 49
1203 1238 500
874 108 402
654 1762 190
1795 285 432
1711 362 388
984 1959 490
1139 560 198
1632 949 219
538 213 124
250 1192 410
511 434 21
1026 1643 105
31 1794 382
132 1287 348
1740 1624 433
850 1398 420
702 1153 5
39 546 139
95 1542 226
882 1069 288
568 786 296
796 1500 338
227 1706 149
190 1245 102
1416 287 295
1265 1048 256
1045 1037 432
1812 1262 488
421 1867 289
1368 1830 265
1297 1773 164
1200 1223 74
1621 890 298
1005 1902 391
427 969 101
732 623 441
484 1648 354
1223 1674 110
96 910 233
39 1318 132
502 1293 437
1586 1801 224
463 1409 424
324 1347 217
905 776 17
540 657 462
770 94 380
870 911 102
1679 459 73
431 501 155
497 239 453
1594 994 228
634 511 19
141 168 214
1849 143 146
805 93 122
889 185 38
1281 944 347
905 1569 253
591 776 61
451 100 244
597 383 225
1294 316 264
256 765 454
674 559 462
704 1791 215
176 954 393
537 1173 185
1634 314 357
1490 460 275
1469 897 183
229 610 118
1018 669 43
1361 662 199
404 160 17
1824 557 437
874 1017 279
85 56 118
1909 1837 471
1015 1617 499
1925 402 400
1923 1938 14
407 1949 371
338 696 186
209 892 168
1415 1566 328
1258 1541 339
607 1316 263
254 421 156
1156 1426 311
639 1665 492
1793 497 242
596 435 315
1440 1985 73
1156 770 157
968 1961 306
944 927 333
1259 39 86
1269 1276 424
1634 312 183
336 337 205
863 564 195
1440 1312 480
321 882 13
654 1677 45
1214 969 66
215 1158 68
29 802 26
1465 205 180
1576 1490 103
220 543 452
1005 933 171
1802 1088 89
1707 1251 7
952 25 198
1810 662 202
1446 1907 231
335 1110 347
1901 1827 18
1956 731 190
1935 142 172
513 1428 344
1502 1667 389
1040 752 392
1280 178 470
1568 1730 132
1595 1574 63
754 835 401
265 1680 46
1302 1470 412
1361 1847 232
222 944 460
792 1389 227
1705 1802 388
257 1683 44
1524 1710 6
618 196 308
753 1705 219
528 923 254
293 906 211
768 956 414
1243 1144 476
528 1403 17
1488 1954 67
773 859 76
15 159 355
781 1706 21
1249 517 321
1359 154 70
975 88 413
827 1665 1
748 1065 382
1460 267 364
945 1679 70
1662 1345 289
342 702 178
1952 1255 124
237 1355 468
1386 672 458
1492 1090 363
1268 124 142
1898 396 29
1788 468 259
583 340 79
1761 837 163
565 166 419
1769 578 320
1814 45 171
1062 188 331
1859 1342 244
582 632 121
974 1596 260
1590 813 154
1672 1074 108
328 1881 424
40 1297 21
1710 140 435
280 1870 10
1918 1352 371
1209 1644 286
1686 1466 72
62 1196 244
1451 1224 127
734 1336 476
1301 1491 149
1083 1931 40
808 515 478
1177 802 164
1082 59 445
592 5 223
1674 1976 110
1223 1951 437
1833 1801 153
1614 922 396
336 58 323
771 1837 500
1491 1443 236
813 1825 432
656 998 78
1791 1896 171
10 1387 179
843 144 194
674 1044 395
513 1360 409
67 1786 491
567 1513 416
1645 1873 184
1164 489 188
1660 1435 263
1437 1384 280
674 1676 386
16 100 113
1185 1835 67
1908 1770 140
1718 639 27
132 1469 459
1802 591 274
1991 1729 235
772 1647 350
178 1877 223
168 1445 246
128 230 354
1666 439 44
146 785 254
640 1871 14
522 942 242
770 1121 147
155 1138 296
22 1661 155
472 817 79
1661 982 275
1751 646 319
590 842 15
1057 166 476
780 343 170
358 592 95
1823 505 263
1982 1027 360
871 316 333
1061 1043 373
777 256 31
695 1189 205
1041 1277 377
847 1237 323
1178 180 371
1946 1323 411
1171 1550 359
1316 610 171
1179 423 51
1773 103 63
137 1103 204
1448 351 230
497 127 127
1765 920 129
1403 980 306
1695 1712 262
81 1272 493
663 1842 151
845 1586 131
951 1244 165
1651 1644 307
1150 1823 396
665 538 231
918 1968 285
1178 1681 68
589 1722 232
555 298 452
340 977 329
275 67 294
1863 666 16
461 1650 198
555 919 470
156 195 37
461 333 484
1460 339 28
1886 470 403
1704 1119 446
1495 469 480
491 334 498
359 655 108
1361 851 394
502 647 128
1472 59 15
1941 1943 225
844 815 331
936 209 92
524 487 469
1156 1302 333
1188 714 424
1580 796 439
455 196 47
1614 1523 117
464 472 29
344 932 122
843 1643 487
1443 910 320
950 39 434
1032 1380 28
1639 1028 420
1765 1038 56
325 496 53
1738 581 432
1704 745 133
1238 1292 294
765 155 145
647 120 247
1587 1702 467
164 816 113
130 1426 269
228 769 10
886 1638 416
261 1643 83
610 1050 313
521 1671 194
720 345 133
1151 741 325
1779 847 123
800 571 98
1502 889 166
587 105 424
865 527 200
321 6 314
248 1583 307
1450 174 164
342 1849 177
669 1638 382
204 1312 105
1943 807 100
27 134 40
1177 1498 93
425 1773 358
1551 1661 223
974 743 260
557 331 3
1023 283 477
557 555 478
981 817 356
1437 1646 316
1829 1791 426
491 426 145
82 806 271
1703 1656 282
1931 542 305
949 367 331
135 278 384
1374 353 221
882 147 313
1119 1667 345
893 1253 411
565 349 85
1641 81 247
1898 353 110
960 45 124
671 1926 179
857 731 231
1537 693 249
1117 246 250
1861 78 76
1891 1297 443
1658 1907 118
1935 260 111
857 229 83
681 430 493
395 1798 14
406 1922 350
90 1350 438
1371 143 362
426 315 272
1050 1709 430
216 1031 176
739 149 45
1753 1213 268
671 659 93
298 1968 316
1267 702 417
1281 834 172
1017 1101 16
109 284 60
1869 768 451
1197 1702 337
1570 1530 390
1328 366 31
1076 1927 90
1465 263 88
425 685 253
381 1574 368
1826 1281 47
1804 481 356
1486 760 500
473 1797 416
41 551 111
1524 1211 289
76 954 238
1103 1213 118
462 478 391
1073 1234 153
134 375 476
1225 13 489
1299 942 212
1683 629 51
165 135 30
1871 1115 238
1620 977 140
615 225 413
1569 1313 294
1045 1187 248
133 671 492
1039 733 279
510 1096 484
47 1152 64
810 1865 351
817 1433 125
1914 565 400
536 1784 193
775 1332 165
1826 963 440
1620 1638 54
243 1453 139
682 456 391
419 234 205
1327 1415 361
16 210 390
998 1065 283
940 631 345
24 1136 346
1219 1882 442
737 1749 327
600 121 297
692 303 201
272 568 220
1728 334 208
1329 768 108
622 1174 385
795 835 380
993 58 399
285 573 53
1472 23 484
94 1432 221
602 1576 330
168 504 479
208 1919 94
476 900 441
1281 981 224
418 1042 270
125 176 34
1525 1938 175
75 1167 130
1979 636 68
1082 178 285
249 1091 449
169 1832 4
1166 711 253
1386 699 282
514 1676 333
1329 799 350
700 62 407
1997 734 190
1245 1925 30
1225 1499 449
1146 1138 105
874 1906 342
825 1903 471
105 1177 320
828 453 253
1662 1524 54
882 1845 368
1826 1528 151
1586 201 395
1332 207 383
719 998 461
345 1746 488
1844 266 184
181 1305 319
650 498 131
1609 1548 157
1290 777 31
355 641 64
1519 36 88
1608 272 468
318 75 296
449 119 38
664 576 413
1481 1642 300
837 1809 423
357 492 94
952 893 127
1506 1218 263
1290 153 446
1313 1451 127
1958 356 19
559 1801 45
349 102 9
1263 8 431
667 1850 161
1783 1831 241
1036 1388 21
1627 1655 430
1230 362 167
1534 179 130
352 1422 115
1893 975 500
1775 823 234
331 243 276
634 588 463
839 2000 129
1635 401 234
1035 1046 139
495 487 477
84 1633 245
1791 1462 394
373 1296 419
1697 1591 30
307 1358 6
1720 1484 309
1792 469 372
1071 720 411
730 370 411
361 1500 158
66 1753 500
127 928 90
1006 1377 77
1637 1377 205
122 1846 79
698 892 410
1930 1896 447
399 1809 256
1874 159 259
504 1724 460
1039 584 4
1207 859 401
1517 1156 249
1725 1844 161
155 1136 255
7 482 389
664 405 299
1268 1557 199
1533 1594 396
926 1161 9
1550 1148 339
410 852 106
280 520 318
1036 240 95
667 550 478
365 1945 300
1110 799 481
383 1183 143
1958 18 417
53 1003 417
1552 836 261
1197 545 431
1145 1340 292
1555 698 52
1979 70 59
1762 50 116
1747 1483 120
457 989 210
277 1019 86
43 1660 298
161 1225 383
713 829 79
1056 639 333
915 830 426
1624 1954 293
1394 674 218
143 890 319
46 1423 282
1511 768 222
1704 173 432
719 688 288
1524 50 181
827 1109 29
722 1383 461
1703 1598 398
1071 1034 240
690 1386 471
265 1112 22
1956 194 318
663 529 317
820 343 37
975 1514 110
591 91 157
732 180 225
175 1188 395
78 687 394
1776 1475 425
390 1393 136
1714 1374 178
1970 704 284
1655 1290 225
1673 1155 108
189 1901 411
840 1288 201
1480 228 72
732 29 454
919 1957 184
1127 1489 437
1671 900 277
108 1574 116
1104 1674 391
63 1886 54
1797 730 339
699 1365 134
1289 1770 157
897 1656 279
138 90 426
526 1149 421
1633 1892 441
1807 1517 194
883 303 206
999 474 425
1665 622 14
1877 246 394
174 495 59
895 1501 402
1722 1703 357
1431 104 339
117 1008 129
472 1749 148
286 1609 138
892 414 273
1512 1243 492
17 1150 318
637 260 437
218 1365 270
1517 766 479
698 1535 196
913 902 24
468 392 242
812 1991 464
297 1663 141
44 1901 20
1857 1662 78
1271 943 420
925 1960 180
1505 1393 312
13 1153 342
1623 918 450
1460 831 309
1360 1661 456
21 1568 474
933 871 154
1991 998 187
998 111 255
1675 119 336
1910 1197 208
1560 1653 68
1982 1975 105
456 1826 468
416 768 449
1161 1408 92
1793 1888 95
827 16 378
230 922 214
1103 1482 109
1539 1114 307
118 553 18
1871 195 148
1221 1871 412
1016 1808 124
1026 663 184
165 1070 130
1611 1763 229
1271 1829 113
135 589 133
193 1714 144
95 1562 96
1488 1392 112
1629 1992 160
805 1510 433
122 1032 484
145 404 352
1602 665 173
1385 1728 70
701 539 416
1283 1572 392
1867 337 330
1834 1807 177
684 198 428
1866 1766 97
1439 671 397
1905 774 351
1915 1775 114
573 1239 90
1025 1126 393
1696 588 285
488 1835 28
1091 1487 115
1662 307 256
402 1505 191
1865 201 195
1807 1781 221
952 110 157
1380 2 287
167 524 208
638 885 372
978 303 378
191 1777 89
10 1997 347
1823 1200 409
124 99 325
1239 1438 484
118 641 426
1890 1844 173
704 799 15
249 1753 404
933 455 383
836 1933 414
349 1156 156
673 476 192
1766 422 437
1593 1324 365
99 292 181
810 1187 102
774 1764 87
1820 230 40
1488 1365 374
1897 1871 176
1006 1337 297
1988 224 397
474 1443 368
1324 715 50
1820 598 347
455 1401 86
653 1531 287
1056 558 122
1957 656 92
868 87 483
710 1141 107
545 1330 188
827 1794 464
91 1382 485
816 1058 116
485 1123 114
906 1778 286
1600 1229 89
494 502 35
1307 1402 437
1497 131 475
1265 1714 104
506 1768 387
16 844 177
110 684 250
308 1793 248
333 1737 253
643 1742 374
1602 198 275
1012 1464 416
1071 1202 374
522 908 412
999 1996 5
1150 374 84
208 1265 250
1988 1882 364
742 1134 353
583 1157 188
727 1860 109
1857 1785 496
941 855 404
464 964 241
1323 471 488
1951 861 355
568 384 193
478 1961 111
928 1771 167
1991 1101 401
1566 100 368
1939 71 297
1107 1784 53
712 332 170
895 166 201
49 1979 115
1224 1622 291
1602 903 160
332 480 491
641 1549 499
691 694 321
1285 144 363
1350 1422 98
1039 1620 59
1366 438 337
779 1562 352
123 1419 404
520 681 252
1178 485 110
1043 1797 297
1214 170 13
1063 1921 362
352 1059 357
897 619 407
854 1880 405
1724 1204 391
393 1069 305
1171 1291 300
186 720 94
574 739 392
420 1400 500
884 1957 291
330 399 480
1364 809 288
1496 60 432
1911 1238 429
1792 377 456
382 800 199
129 884 296
685 1766 150
1591 1372 57
1321 359 318
847 1027 440
680 832 485
1740 1924 61
196 1153 104
701 361 171
19 977 299
1348 1279 52
300 817 194
511 919 467
273 756 269
1982 1746 49
1103 36 473
1599 1807 457
805 1116 32
1818 91 90
1199 1423 88
921 1584 350
867 579 485
1096 1129 113
613 1594 68
1988 896 141
277 930 178
901 1994 95
1353 348 424
499 1083 81
721 1248 32
1779 1028 256
1023 632 403
813 1051 294
201 432 489
360 1749 43
1493 1688 388
1289 937 176
1139 1750 20
346 1711 20
1882 600 324
1677 1587 444
1579 954 163
952 79 479
481 1382 186
1224 95 386
1989 559 492
1484 1581 3
1319 231 288
349 880 462
1591 453 188
655 681 459
1 1933 45
1954 1606 262
1463 1421 168
108 228 320
1466 183 406
601 1467 468
498 1612 289
601 1805 296
412 984 357
847 1851 488
253 67 50
1378 366 201
1676 173 143
1139 1875 68
303 1485 199
1191 1606 317
1163 1160 109
696 334 475
1502 1114 200
745 936 485
443 273 286
93 685 151
10 411 295
993 1156 180
79 1135 451
987 1877 279
1639 975 203
1089 916 70
1735 243 372
1681 1773 424
15 1389 329
574 906 481
1962 1205 349
1964 1064 458
520 1249 92
492 313 366
1413 1010 275
1195 113 362
1090 251 28
1756 1889 295
1299 1477 420
81 165 453
756 1062 382
803 1551 316
1454 965 400
939 901 368
359 630 170
876 997 252
1061 1631 63
564 1772 490
1747 805 317
1905 1270 54
862 564 159
1253 1549 253
1849 1855 150
1605 981 156
1134 69 162
290 1841 298
1969 507 160
1860 670 30
1783 1118 352
1715 544 287
821 1340 321
558 1157 394
242 1408 109
1008 367 166
893 232 329
1681 1359 328
1374 355 142
1440 89 58
509 1912 206
775 62 381
568 1979 125
403 305 16
1773 1873 382
1199 496 404
1339 329 486
317 1159 100
184 994 472
591 1578 187
1242 1812 347
1509 905 489
1447 1278 420
953 834 478
1995 409 443
1502 1565 335
543 1211 362
1469 555 445
1943 800 475
1509 1900 442
856 1931 380
255 212 52
1535 1217 261
1003 736 154
432 1307 434
137 1123 408
722 870 344
1029 721 158
1344 42 170
35 862 97
1677 1041 40
1282 1677 294
1500 314 277
1377 1275 41
561 1873 235
364 119 100
1681 1645 497
1870 329 498
492 128 80
1346 1475 101
347 985 80
983 1838 198
945 417 208
35 335 284
1941 190 347
1483 1427 94
1642 1287 237
79 1907 478
1525 457 238
1808 477 21
592 408 492
1371 1676 489
1479 1992 172
424 894 191
936 211 159
1906 1685 94
488 945 46
917 1323 235
608 1615 60
1555 584 17
390 317 237
842 1231 221
58 742 369
1864 949 160
951 762 332
1828 1313 499
1576 1936 231
1636 1936 139
1992 1489 163
1816 1857 140
1177 1076 427
1601 1695 402
1559 436 73
1086 633 134
276 780 139
231 1300 498
1235 1163 428
1245 1602 357
1939 760 206
1568 1545 357
210 1760 154
1160 180 360
194 133 36
1260 1130 61
1843 1705 366
984 515 320
872 1550 473
447 1752 104
1078 262 476
1516 646 90
597 595 474
1539 1979 409
921 971 101
1854 1626 64
1357 1368 324
1370 1463 17
1733 1215 139
166 23 19
772 1105 272
548 418 375
745 789 340
964 1873 300
1835 1659 371
1394 693 197
1285 298 477
170 578 310
826 702 319
1609 914 301
1865 399 49
1688 1590 111
1502 162 345
986 165 143
927 105 466
139 232 209
117 910 141
1376 399 291
327 1287 52
407 91 465
104 1992 428
1227 1087 69
1042 850 416
164 44 157
409 1689 24
748 1873 272
657 651 430
1446 118 183
126 448 237
1185 876 81
703 449 70
49 86 298
1261 1545 235
707 1175 365
348 129 244
1404 1617 66
1080 1678 51
1773 364 372
972 1875 419
356 962 46
1211 911 174
495 1232 135
1968 226 356
1188 840 284
1287 852 285
1935 756 326
134 1138 460
1284 754 337
1292 576 293
1123 1369 456
1608 1933 356
1508 33 146
883 1277 63
1380 131 226
1734 869 300
624 789 206
1326 838 376
359 1686 474
1380 459 32
681 21 286
1237 964 260
264 396 396
1174 139 317
71 715 87
979 1913 417
245 811 134
1651 454 43
1876 634 477
975 1291 127
1244 213 55
971 307 368
630 1535 26
1580 339 146
1561 48 314
1515 280 284
461 107 463
692 422 176
1226 1224 186
527 1093 329
1037 1055 204
688 67 462
1349 241 474
1672 1426 487
1949 1465 128
1995 1901 380
780 850 221
1438 1417 298
416 1039 382
247 1818 235
1198 622 94
1863 661 407
818 875 497
784 332 51
1441 565 109
905 1645 329
775 1062 450
545 319 34
1390 667 127
93 59 94
1024 1623 480
20 4 160
1789 120 151
1077 1233 445
159 1998 401
1326 476 260
914 1136 37
1488 1198 301
77 44 95
586 1225 98
472 1076 26
1419 1788 366
425 694 232
246 177 265
268 1048 32
170 909 383
1906 1386 366
1787 371 495
1244 150 324
408 438 256
1960 1185 381
336 350 338
433 452 101
620 1516 196
207 1622 475
705 415 442
1881 178 491
860 1390 298
885 790 353
1725 1660 321
26 359 473
1126 1859 120
1958 1353 119
1822 1934 198
179 252 326
589 1652 209
124 1520 278
988 1363 50
308 169 234
1490 1100 452
652 735 352
564 755 139
1521 735 312
227 782 200
1407 669 68
1829 1586 433
1761 1030 95
56 407 421
621 1883 99
348 232 118
141 664 106
700 1110 451
1920 1041 63
1857 1917 249
215 1758 123
841 1112 103
1079 143 226
1393 615 343
1049 186 67
7 1208 35
1577 1107 373
222 1096 178
687 1621 466
1831 1189 226
1708 231 441
420 1843 465
1014 618 329
1499 630 239
1094 45 366
1053 1807 132
1701 1842 286
1993 75 316
131 765 131
1816 1247 375
1452 146 127
1008 181 290
1143 1934 290
518 1631 72
1485 1186 94
537 1800 396
918 1219 380
1365 1763 255
535 1776 295
242 1919 302
465 985 179
1057 1884 172
10 1189 255
1047 768 279
787 191 499
840 764 496
1335 453 211
259 1473 417
1531 1013 86
492 1835 484
454 1021 444
310 1547 195
428 1608 4
1151 762 477
1821 441 63
1207 540 251
835 845 265
1226 504 262
831 1988 272
28 1139 154
41 1820 104
1135 434 442
1971 164 407
456 1399 429
601 304 132
1376 1231 497
1173 421 1
1077 200 118
1811 1532 306
591 444 200
418 85 435
1906 362 250
961 112 483
1864 277 183
1360 224 365
15 1966 92
1801 1693 122
1101 964 163
59 829 457
630 642 383
1700 68 424
672 510 153
951 728 479
925 1355 64
157 1942 442
950 460 6
1825 1394 284
1753 1073 222
622 376 271
426 966 140
1512 38 44
117 1004 405
1030 1766 487
608 790 196
1244 862 245
981 701 241
1950 1546 63
1148 1659 92
1876 934 453
1236 1647 43
1598 669 283
146 1564 203
1478 335 495
1668 782 378
1819 1310 313
191 1167 35
818 1943 253
311 1112 128
947 448 270
1832 825 330
1471 1911 153
1082 483 278
235 1321 86
882 105 112
345 1278 109
594 1502 48
56 632 167
1586 1903 384
1643 1132 100
1818 1228 264
460 1959 375
1558 130 70
1336 1953 422
107 1005 262
867 1106 343
1460 290 285
1136 296 48
557 591 449
1326 1222 443
562 1610 453
1649 1758 428
1758 804 416
766 1278 495
1445 842 374
330 327 258
1681 1605 60
1412 1258 10
1630 1282 118
1783 260 28
1993 311 416
168 1666 93
290 691 76
745 1678 69
677 540 437
1561 74 94
1690 1954 125
422 966 112
495 268 312
100 182 441
427 637 164
1120 1760 276
256 548 320
1095 864 231
1206 515 496
1977 829 267
1798 1248 133
439 519 246
1442 1646 185
135 969 380
106 1652 110
671 1451 292
25 596 48
931 1525 305
1483 337 357
1852 487 244
273 1038 47
216 1237 164
1967 725 40
390 126 74
524 471 1
201 1917 497
139 1058 439
65 1194 353
1027 1640 200
755 1159 295
1425 1204 101
1300 193 270
1646 1283 328
436 1993 72
58 1629 271
457 40 31
904 1102 224
731 1366 159
1797 355 167
774 1693 149
401 1297 75
1650 593 370
1550 1691 373
1754 1023 114
211 307 56
1192 1833 426
418 550 343
1595 305 94
1929 1249 21
1635 466 265
739 300 273
815 1296 68
13 880 309
1142 1760 238
1960 423 128
1832 1409 164
898 1701 88
558 490 472
1159 851 427
53 287 359
1730 1490 64
1763 765 306
1669 1108 74
886 564 491
217 1667 337
1260 1854 235
1741 488 22
1343 758 52
1281 1545 433
1411 949 217
575 815 145
1249 1764 174
1695 469 297
1114 470 28
284 759 19
1173 113 376
1951 1224 155
957 1825 185
463 955 137
281 1952 28
652 1626 352
1289 1645 194
110 1678 485
1967 1345 357
578 1833 344
205 1505 159
34 755 229
627 555 137
760 1525 228
1887 1924 269
1412 272 292
1436 1611 195
1384 1560 247
1265 1654 467
1465 501 491
183 1565 437
1617 1034 105
1542 414 391
1327 679 377
1631 1832 129
959 182 184
255 261 39
904 640 193
241 1727 474
1786 1910 100
1210 51 76
102 1803 126
174 1621 308
1213 86 456
1468 1561 81
1848 1388 43
1346 1280 400
712 1062 234
429 1423 247
1509 1150 296
1204 1682 273
248 1632 56
1268 368 191
135 1553 317
862 1109 46
1797 381 407
68 690 173
585 1907 431
639 469 25
572 1907 425
151 202 225
740 1405 88
93 130 107
1279 1969 490
1242 832 295
551 192 363
1312 1094 234
1098 733 427
824 1503 368
1430 320 387
973 1716 216
119 1388 254
554 1761 50
1973 337 163
128 787 461
613 547 265
1230 1176 390
821 145 214
908 1737 476
917 1854 229
1671 1296 48
1566 1558 459
1079 763 292
1670 1982 105
821 852 487
1149 265 464
129 565 101
449 1367 255
1989 398 8
624 498 151
436 37 324
1479 90 226
1004 2 416
64 1156 434
722 1453 3
314 1407 261
863 637 208
1711 1484 493
731 89 115
761 887 336
70 859 496
1747 1958 28
173 1661 158
593 1024 245
1842 1623 222
818 1567 313
1984 259 201
1136 1305 104
907 951 241
1038 834 365
1361 260 220
220 1576 310
942 55 494
706 204 442
495 149 472
788 554 211
1046 1749 50
142 578 342
1524 516 442
837 1626 75
618 1485 260
960 949 282
262 435 346
1584 1637 106
567 1558 229
1412 1636 161
1677 981 283
1050 1405 327
1758 957 393
126 1938 190
1350 231 99
1077 1371 141
1409 656 372
854 1129 124
1769 1745 322
317 521 159
1545 1726 369
1651 1631 281
120 861 202
294 255 59
91 1918 381
27 374 81
1529 1111 222
324 462 322
715 1629 448
1146 1017 428
244 342 143
379 828 386
1056 1532 4
1745 261 454
112 506 139
1529 959 42
1466 1689 495
1121 630 329
1594 1655 421
272 348 277
49 893 470
1400 35 268
71 1489 268
1801 1601 38
1519 1447 314
140 332 363
988 1577 292
470 1345 332
880 279 63
854 1794 442
730 1176 357
1622 1775 30
984 222 38
1442 1591 378
959 521 185
270 334 469
69 1556 447
260 998 278
43 507 69
150 1400 51
6 473 278
1356 1925 49
703 1256 219
819 716 94
123 657 94
1070 1930 368
1228 176 187
612 1517 474
1358 1114 440
1355 299 251
874 329 194
687 1224 440
50 480 338
820 858 320
519 475 10
1324 293 48
586 900 476
353 672 135
114 1592 376
1267 241 188
524 1720 257
797 153 83
1992 953 339
1282 1963 261
488 1934 209
1717 207 473
813 1343 450
241 141 197
1522 1793 426
81 715 399
1503 761 472
298 1324 391
1143 1412 321
834 712 423
135 1905 118
851 403 395
1983 491 183
1100 441 485
176 1884 45
1087 108 94
431 1464 400
934 1182 21
1821 498 317
1108 1072 389
866 471 110
1569 1154 213
1605 1226 417
1598 129 255
711 171 349
389 359 347
1554 1146 80
324 996 244
1774 26 226
1602 22 50
1993 1102 75
1289 452 128
462 1910 171
1030 1633 114
1419 1304 305
1287 1620 401
362 543 158
1706 842 61
1709 135 108
583 1828 140
534 870 184
98 1162 111
1156 715 109
980 1576 338
1300 1923 255
1925 730 341
997 1015 66
401 1589 70
594 1737 341
922 661 494
811 1144 289
1880 364 373
488 232 224
485 512 210
649 54 396
1045 1643 165
1886 1717 411
1664 953 55
1715 985 176
98 1282 330
220 1157 167
829 1456 108
1143 1134 499
85 1426 351
629 1104 143
955 483 260
1792 1786 405
1319 1612 492
661 163 139
1063 782 407
1038 223 313
1574 856 44
1594 566 211
1926 914 360
1503 1052 235
1613 356 261
129 1520 414
112 276 499
2 1514 30
1523 1007 138
610 536 273
1408 1817 308
1341 52 424
178 1381 469
301 654 199
281 1375 139
1244 295 249
537 957 421
1254 57 106
619 782 226
893 795 247
181 1969 261
1918 1522 323
982 128 388
121 1121 237
91 1725 290
484 65 385
1326 1535 160
373 1118 184
777 764 406
1883 231 182
1185 478 182
1529 1639 83
1982 238 414
589 1821 483
1653 377 432
1567 622 158
1223 1437 226
991 299 349
1798 1408 392
239 812 180
1564 1458 478
246 827 172
734 1121 15
26 255 40
1547 370 239
922 1999 175
309 1189 393
1717 309 434
467 78 342
1432 80 381
716 494 348
40 1834 459
692 507 181
1854 281 363
901 1487 123
344 160 114
181 1774 177
1602 1876 125
1766 491 241
1952 1197 152
6 1692 103
1492 771 22
1742 417 229
262 1721 413
40 160 274
789 322 315
1639 1047 271
1788 72 240
346 1949 155
1334 27 171
61 1462 283
725 132 154
1157 1462 410
117 1643 285
1037 1511 384
602 351 306
1594 1548 272
1589 52 181
98 1484 500
829 1481 412
1371 1367 122
1116 737 456
140 736 90
925 605 482
584 7 186
1170 1505 305
371 755 377
1962 833 382
1211 1884 152
1336 1983 60
1387 1520 344
443 397 366
646 980 67
1575 559 479
1352 1632 457
285 1132 157
1660 1925 287
1083 1054 27
964 420 2
799 1921 498
1885 524 158
1998 154 309
622 1086 269
1979 492 282
1846 1892 430
1848 1311 292
1478 1617 435
1622 1422 166
1992 169 449
6 276 364
1046 330 283
683 217 499
536 1071 360
1850 1045 19
1940 318 104
1204 1948 337
1944 622 468
708 787 256
1046 4 9
1097 285 185
949 720 31
654 1434 461
1397 181 364
110 664 425
1168 253 306
1149 1282 226
965 1235 374
151 23 129
1969 1958 491
1366 600 443
1268 1384 36
1279 99 188
1577 1296 437
1823 573 309
609 240 277
25 1627 93
1926 1203 138
1143 1295 217
703 696 367
1829 114 375
1549 1923 173
39 119 188
731 1112 167
1815 1950 474
1699 1790 64
1418 1924 459
1114 974 454
1651 1343 52
157 1702 207
1466 630 241
759 620 248
909 1148 398
1913 65 2
764 1342 229
956 1732 342
1103 1652 243
1181 1870 352
462 1844 90
15 1650 319
1148 1108 74
79 1034 97
848 1145 88
1983 522 163
564 1173 146
1221 1139 150
1504 1934 145
1791 195 68
1624 1833 7
142 508 310
1786 1893 213
690 1236 61
783 21 271
1600 305 371
14 247 42
1367 1757 140
1497 369 46
1043 476 382
1683 53 239
456 137 490
628 1214 271
1439 873 340
909 1523 106
1982 993 189
524 1383 59
1074 359 393
186 1651 107
1784 1587 266
696 891 42
820 624 261
1154 1134 483
732 309 232
66 586 163
15 1049 189
47 936 25
797 580 456
1110 655 20
217 428 316
970 1333 105
1806 769 270
1502 1198 176
917 501 95
1336 231 239
901 1117 148
701 1374 464
618 12 461
1653 234 165
276 1507 93
506 952 84
737 1506 102
1822 1249 255
1316 630 211
686 625 145
1141 31 361
660 402 350
1060 1597 189
1040 436 94
614 90 209
287 1904 271
1857 1627 411
1744 1316 324
590 1113 382
1025 1256 206
1830 259 351
1667 449 498
553 555 259
1564 1054 19
886 764 137
1726 1625 1
1567 740 370
309 777 327
1239 1088 306
1430 530 108
660 1304 83
1131 1501 491
1826 1914 245
614 1045 111
1138 1243 418
370 1176 149
1257 144 410
1121 204 186
165 71 188
324 1391 176
1768 511 327
890 976 139
375 735 23
505 1418 57
511 214 239
1361 1245 164
1166 1171 92
213 1245 401
943 1124 429
992 503 203
1059 675 49
338 761 178
1892 1557 45
214 1713 106
916 921 476
1471 947 373
1522 1675 178
339 875 58
1565 226 114
1769 1331 377
547 825 468
1141 1197 78
530 1085 471
889 496 401
1744 1669 343
210 81 216
529 934 242
1277 1082 207
1678 301 380
358 886 77
1622 484 209
1450 1960 137
1675 458 70
30 147 29
926 353 335
1922 708 200
1497 1172 432
53 1608 89
1345 1097 60
882 116 414
298 1814 494
303 668 35
1162 1846 391
286 1882 171
1374 1571 253
244 1650 174
1545 1402 110
1760 126 91
1929 376 499
1998 1837 43
1643 1166 335
62 666 135
824 964 346
341 1591 451
1064 666 364
1803 1607 138
1190 276 259
298 1404 59
1758 1526 189
112 711 206
618 82 355
1970 317 176
1692 176 175
1547 500 278
693 1616 50
1412 1890 403
1570 1453 131
88 1319 138
1817 113 156
726 1743 384
679 484 303
1599 554 265
507 1593 223
1429 1435 26
1132 200 293
989 370 77
1675 1749 473
1491 1324 123
1327 375 110
1127 936 413
1892 1325 235
870 1048 12
530 1952 77
59 743 135
112 1800 393
1005 360 359
1086 1993 41
1913 1292 374
1726 96 149
1268 573 231
1858 193 39
1842 505 330
1031 743 18
444 1304 101
337 1235 239
1502 922 475
733 57 160
68 1061 125
1754 1644 469
1107 1819 279
1446 1988 166
492 1497 459
986 605 191
371 1738 343
1640 52 151
1707 604 386
1568 1747 465
727 890 141
69 1315 73
429 56 497
367 102 333
1883 552 388
217 672 238
1475 754 405
1322 1105 444
330 434 499
786 175 400
1845 1944 58
331 1362 153
570 1604 15
1935 721 492
171 556 102
1460 82 96
362 1653 383
1740 1780 154
540 1681 358
1034 1797 158
746 434 377
733 781 479
1541 228 407
223 1733 427
475 922 224
234 756 14
893 1133 416
224 315 158
1592 1834 306
26 176 96
823 311 445
1902 1071 73
1476 89 31
467 804 486
1338 1724 71
753 897 237
117 519 227
737 1034 41
221 308 437
1642 488 28
833 1362 235
166 1471 485
310 1039 232
1287 187 262
136 1433 439
961 830 145
404 498 154
1565 142 224
1729 1493 326
513 2000 110
218 1839 188
1714 191 130
1560 613 331
1420 947 260
799 600 236
1785 1264 147
919 858 387
1436 1994 122
1283 549 324
337 822 354
196 1682 52
1322 181 22
1891 404 269
1632 1186 340
1372 1832 229
189 834 12
161 1697 247
1484 32 495
1229 444 182
309 419 160
637 471 370
1786 1630 214
761 1600 469
211 1921 368
119 134 260
1356 1006 299
1353 499 329
668 1105 215
1721 1413 112
933 991 7
1695 881 202
991 1524 335
479 890 491
750 1560 264
464 1099 190
242 181 282
1930 1719 145
383 1589 24
1793 1539 343
180 1054 7
213 56 375
1254 1223 66
1360 651 213
1903 1675 414
839 603 43
1852 614 281
1782 431 73
732 1027 246
1882 368 155
1080 57 348
699 2000 474
1276 995 94
1834 1409 274
580 1866 408
1466 131 415
1987 1997 66
1425 1971 219
1919 706 407
1670 122 34
712 1616 259
993 958 48
227 284 321
1404 1121 212
220 1784 108
1523 1274 59
1737 936 273
826 1899 77
743 265 231
1375 843 14
25 957 209
911 862 13
1306 600 220
1740 830 224
1815 1732 222
1412 1245 423
1936 1194 436
250 500 226
1258 611 134
699 1413 90
1926 1088 153
221 1919 52
975 1718 15
247 1227 326
541 162 24
1580 1932 34
1678 196 311
1691 228 208
1037 1786 463
186 1088 345
347 1600 300
1687 1684 440
1773 132 316
1748 197 77
176 1645 335
1231 1196 102
1889 1524 310
1052 151 147
249 936 44
1325 318 316
1188 1144 279
1925 1866 463
16 192 148
1786 403 407
1990 1839 211
1423 767 457
1611 1688 390
152 1263 56
1383 1737 431
1524 632 56
611 1935 462
1043 755 88
84 801 492
99 792 194
1350 575 319
1976 996 466
34 1479 345
1228 254 345
1104 196 344
1414 74 69
9 1154 42
796 1507 302
1686 1279 401
243 172 441
324 1349 107
1563 371 361
1571 1739 471
945 1610 46
1094 32 385
276 1241 208
1542 366 104
419 27 271
399 1994 315
1028 558 496
1564 1316 76
1322 953 456
352 1293 228
1558 323 84
1914 1544 46
228 106 219
459 1697 32
253 1405 383
271 852 49
966 1184 32
1086 1725 160
1011 1217 193
536 74 494
232 243 90
706 667 402
17 1233 449
1715 1875 253
769 1838 300
655 507 316
687 582 182
968 1527 6
1492 1400 361
1091 122 299
205 1822 370
1573 1661 179
11 1012 336
340 371 376
1138 1288 87
89 549 391
1874 1531 239
689 1846 407
1717 862 88
1172 1859 449
1350 56 177
848 24 120
409 1906 278
750 574 74
831 1237 293
403 1931 246
78 637 68
661 1593 275
11 1573 41
525 1197 116
1349 1684 392
1914 17 411
205 1042 399
996 374 290
307 364 128
1662 1512 275
53 1367 132
1976 1566 468
1257 1615 272
906 1712 51
432 785 63
1059 541 350
258 304 121
1405 11 429
819 34 347
1 455 160
318 1292 89
346 530 480
771 630 287
162 502 374
142 1361 100
945 84 51
936 170 204
414 409 299
1281 1556 407
1820 241 462
466 25 89
713 684 370
526 1550 283
573 1895 472
1420 1081 51
327 170 385
81 1704 29
247 91 350
864 1222 329
674 480 18
810 1318 479
1466 1355 439
26 30 142
538 131 175
1412 776 22
196 1555 148
1072 1038 415
541 548 321
963 511 210
660 430 219
1457 827 343
1862 738 444
1 45 417
1680 639 355
1502 259 255
1947 1616 217
1114 513 132
1818 992 154
534 964 295
322 903 44
677 498 35
47 1594 178
1413 829 227
212 1903 343
1013 474 280
865 228 32
1823 1013 351
902 1370 359
1376 1348 70
1813 337 231
488 522 318
227 1489 78
127 1641 142
1247 693 296
375 571 264
318 1778 16
23 1416 306
749 1431 282
732 7 217
1799 1320 334
1607 709 277
226 221 67
639 152 172
1116 1453 269
338 1828 234
1748 627 140
234 1418 184
962 1309 419
1486 1717 364
792 1085 322
761 865 58
20 972 200
606 1746 385
1565 31 258
1568 1914 296
1676 1995 126
1308 679 319
1990 571 103
1085 1425 152
224 69 261
1370 1410 108
1804 682 150
1439 740 44
703 368 445
442 1516 373
1188 1245 153
182 21 49
236 1394 136
1003 983 465
157 1301 111
812 838 346
427 961 385
438 1640 5
590 1264 19
1843 1056 375
1594 447 42
522 1479 131
1581 1063 99
1217 1941 349
849 1861 413
308 1477 288
3 373 144
697 1207 24
829 158 210
578 877 343
190 842 183
299 376 82
1209 1991 323
298 847 275
1239 1633 126
462 52 250
447 853 111
5 473 199
166 638 307
1083 1740 186
174 1478 275
1825 71 132
306 1003 380
221 325 437
317 1180 11
1463 1645 498
766 1011 400
1256 1809 73
1503 1735 257
1753 1154 391
1840 1872 142
871 268 38
1767 1042 200
175 95 325
500 1938 404
9 25 334
575 16 79
675 1241 207
114 832 194
1581 78 5
1779 87 83
843 1724 255
27 435 71
1357 1838 451
1171 1388 325
1223 1993 265
1194 96 63
905 1382 62
666 1616 335
1659 913 58
1288 373 78
405 1755 125
200 876 174
1470 306 262
1984 695 296
1733 178 453
759 1880 448
1251 1362 299
597 763 358
1783 960 246
669 833 147
1735 1738 475
130 628 296
1057 499 372
1053 940 83
731 565 300
1201 60 135
1947 401 388
1363 677 48
1108 329 203
925 709 145
351 1247 273
1472 621 426
1617 1605 398
1788 800 183
735 1829 431
947 1842 436
443 845 21
1111 447 367
296 1585 123
1544 800 150
979 1362 99
12 872 247
1861 313 279
902 1847 263
456 1093 384
135 1322 85
1350 1189 8
1636 1550 124
1255 1118 258
1661 645 331
194 236 413
1820 1913 199
1688 56 109
1209 1316 329
361 1374 238
435 854 58
1286 31 164
1435 893 12
1679 930 30
1927 909 364
1710 1933 166
1533 684 354
869 1698 381
1450 1241 448
154 1170 476
1240 587 420
1274 1940 89
175 705 409
975 3 15
1239 70 319
209 1274 89
227 923 343
1350 244 160
394 542 202
291 845 38
654 770 45
1911 1480 430
1039 316 151
632 485 134
1194 790 242
1564 1689 125
412 1095 273
369 1644 359
1107 1253 344
804 1412 225
1664 296 112
905 37 354
1377 808 361
742 1895 453
1098 254 396
701 1543 52
1074 241 56
473 957 69
1402 1245 39
1160 1630 36
1899 1202 421
1680 554 84
1064 1564 88
1587 1828 461
1056 1488 16
1418 1474 335
498 926 185
1613 588 237
1426 282 64
1658 703 474
1706 608 43
311 543 26
1625 20 306
1156 1924 108
111 915 154
834 107 484
1555 280 143
1769 1339 146
1754 907 346
1196 1257 140
476 1598 122
1092 1750 31
1677 825 348
808 543 287
1678 138 61
1973 884 166
1303 310 53
1980 998 179
1564 1591 368
973 1410 159
59 849 106
944 460 102
410 1074 216
1386 1684 284
387 313 173
1141 1516 87
1278 937 173
725 372 344
1567 942 491
1172 1805 193
1565 484 65
761 1980 273
1203 948 475
312 969 405
704 1364 14
1094 1519 242
1759 1561 350
910 1311 293
246 475 230
199 892 461
576 1529 320
874 747 46
1662 1388 362
1983 422 278
1496 1966 186
45 1700 494
84 1492 290
586 1678 197
1914 1117 392
870 423 441
1484 343 491
211 1938 266
633 687 321
1637 1587 491
1214 1967 269
737 1978 330
1090 844 262
1639 325 244
322 1650 46
1735 289 219
1495 14 87
1245 1957 208
940 451 395
1787 801 413
1053 564 108
1535 1281 273
1641 1035 86
1750 2 127
1528 1429 179
1202 1336 453
970 1144 8
684 1429 140
214 1223 137
453 921 339
1121 454 340
1726 1420 299
202 752 339
1825 766 282
1210 1293 47
1694 1052 132
474 1084 230
1729 243 305
1644 811 102
1234 134 224
1084 687 138
1279 556 40
417 306 385
1932 179 103
1964 749 386
400 711 211
690 692 22
408 1151 412
1697 311 47
354 1757 415
1255 877 202
1063 919 445
177 1272 464
996 1471 498
1374 657 422
1498 1750 444
1330 735 409
519 1871 209
537 135 45
562 284 177
1219 447 383
1987 1580 282
1869 1094 243
1224 144 238
475 950 311
748 674 311
1081 46 397
1912 504 488
976 1274 289
230 482 272
180 697 56
514 1927 487
1435 1049 103
1141 1662 401
1834 1827 200
675 519 483
90 1506 415
521 425 236
1144 823 163
592 295 223
118 736 2
713 669 36
86 75 1
1189 343 350
407 310 433
1023 1596 182
165 782 369
1372 1313 382
836 128 100
292 1051 423
1930 1072 276
1137 586 498
1360 936 13
77 427 144
714 994 48
1733 1866 247
1362 600 326
1110 347 165
359 799 272
288 89 208
1396 799 167
124 763 48
714 938 426
108 1723 280
846 1942 254
1424 1954 380
849 810 146
639 254 473
1156 949 428
1642 1587 108
235 962 250
184 465 228
1069 1393 339
699 1836 446
1185 597 337
269 871 304
1862 1272 85
24 1311 167
536 1194 260
1220 1117 206
855 527 265
1955 1765 82
773 123 433
448 488 257
84 1851 427
939 1231 159
1184 1075 374
861 1571 325
704 1670 455
745 1117 180
1363 447 351
202 1693 196
1135 1709 275
376 663 362
36 1191 500
610 1006 270
1382 488 356
639 1326 114
21 998 164
543 1905 261
609 1483 115
1278 1538 459
314 1271 314
582 463 462
1472 384 118
1605 1713 343
657 376 365
1375 807 333
1627 182 106
565 1262 68
70 1544 260
1195 1026 125
1510 1098 80
19 98 35
617 806 432
1699 360 203
1397 565 92
605 135 113
1326 873 309
786 116 221
450 1045 46
1570 835 325
1302 443 126
1732 1971 120
1836 287 38
1468 1699 493
621 1595 177
96 1971 207
1107 1621 311
225 697 341
228 1667 89
51 1225 51
818 307 290
1274 887 356
799 1525 364
1951 1508 20
1836 768 93
1362 1932 488
1170 317 135
1363 257 326
1674 227 66
1186 446 241
1832 1970 484
1740 1822 44
164 1939 13
1692 809 369
260 494 84
1835 68 124
335 1954 209
1190 1912 384
492 1616 345
1448 702 220
662 1084 457
1049 866 449
1714 1838 42
1063 1087 43
1324 779 206
1737 518 283
902 1201 313
1865 1396 399
1537 1038 444
503 874 473
1961 59 89
822 758 474
1555 156 463
788 1905 358
1635 1739 316
1113 1779 486
1159 1779 51
184 1819 290
1719 1940 323
1692 141 434
216 965 345
1348 146 281
1221 1706 132
1508 547 450
384 1460 63
1444 754 230
1089 61 435
1867 1829 224
614 393 381
323 1139 58
48 1212 308
1387 198 60
1936 1940 468
849 127 464
447 619 381
1326 1558 150
1466 1670 109
843 1046 80
342 359 2
225 1304 153
130 759 105
1503 284 328
1016 608 321
342 460 184
116 1589 240
1097 1196 288
511 1357 185
1177 425 272
964 624 419
1779 249 257
1555 17 138
961 1148 249
1695 1138 245
380 630 114
1259 1980 336
475 544 1
947 1971 118
1495 1737 493
964 165 145
34 1839 33
173 1198 472
759 252 288
960 1558 104
1747 168 412
1714 893 310
329 1364 120
18 216 372
752 1906 137
1600 956 482
1251 437 352
407 96 72
338 64 304
1926 1867 314
235 1095 361
1014 553 489
355 581 56
225 1877 296
169 1842 240
427 51 429
716 874 264
825 1120 254
336 1232 357
753 1387 145
332 542 242
699 613 115
1194 1203 144
1295 412 158
1753 46 368
1561 1090 295
1395 132 82
1445 1718 355
1851 1733 86
1311 557 331
1752 798 281
1767 1742 130
1719 1478 271
472 140 201
273 1850 74
953 134 29
1385 840 63
1761 481 139
1741 1677 61
988 604 295
1588 497 260
1067 587 66
1052 351 50
984 1800 244
1262 1606 16
1207 1354 1
561 382 480
186 338 388
1927 307 235
269 770 186
1081 1507 492
1360 1778 238
90 1110 422
1774 1796 188
806 995 363
307 140 348
390 385 59
1052 968 286
1201 265 86
1173 1882 445
1198 1519 362
1095 927 167
254 1425 365
1292 1563 259
1567 1287 196
873 567 356
609 1609 402
173 348 71
1713 1008 290
628 1711 406
977 580 336
973 261 351
369 1075 449
1578 1261 63
1580 383 24
1348 583 54
734 1400 316
1006 462 75
459 1303 243
851 212 161
674 778 325
953 1949 17
1749 282 488
344 1630 244
1363 1900 39
704 519 384
729 814 496
271 1811 38
761 240 200
981 430 500
1960 1264 235
1468 41 338
2 150 459
1882 1499 213
1681 767 221
534 902 195
452 1779 140
30 648 130
1345 1192 113
1159 227 131
1809 1234 228
785 1774 333
553 178 192
1426 1986 91
1041 1759 495
395 1660 454
1825 1580 414
324 668 372
1563 929 323
1629 1912 262
973 614 189
1054 671 289
1254 600 102
1445 1994 157
1854 63 339
1697 1543 136
703 1208 158
1800 278 183
1404 1150 313
571 619 230
1979 853 413
427 1882 19
801 322 296
1906 970 211
1615 912 479
1635 1737 456
841 1902 416
1599 183 205
108 1697 56
734 742 289
264 591 218
413 1603 93
400 1446 131
1346 1604 26
1756 416 230
51 1242 163
699 299 217
901 829 456
804 1169 52
846 144 62
126 1338 182
988 384 294
144 3 295
674 796 339
1770 645 97
296 288 457
1450 1415 308
1667 1044 173
1479 898 191
1742 378 285
1428 1704 49
463 1066 486
1891 1255 447
1383 86 300
164 695 238
1087 679 187
973 1271 339
1144 1538 407
1005 1126 138
1534 374 426
1474 507 285
530 794 468
1695 23 1
1465 1700 288
1799 1748 496
1789 1339 83
33 758 205
1192 806 48
1943 240 96
464 1546 264
845 1972 79
1948 1099 7
686 412 349
293 63 231
940 1605 424
393 1747 212
758 1274 467
1275 1639 141
1442 813 432
1062 590 28
1714 1778 290
812 1322 451
1100 167 213
1379 1433 202
1081 734 477
1824 1226 440
1033 6 31
1403 566 339
1669 97 35
33 604 372
838 1184 159
1259 523 325
1451 232 66
178 171 479
1582 1608 447
866 206 496
1436 116 434
426 618 427
529 347 457
1833 1998 94
1341 1383 273
1669 1097 177
355 1645 66
148 548 236
1091 1341 56
813 1100 354
24 1541 60
1370 923 444
1027 637 332
1365 904 73
1742 1255 445
1410 1565 88
1016 529 455
1351 1887 231
1179 673 475
624 848 375
406 1602 181
175 300 478
935 712 422
1038 1728 455
110 904 71
1527 1074 410
236 804 408
1102 222 203
753 1152 133
1349 1825 274
109 1529 311
1423 200 482
1401 703 67
