500 1500
315 120 329
166 498 498
191 319 259
296 73 53
413 188 12
238 341 284
383 292 354
172 360 291
99 365 4
402 186 484
416 395 211
107 137 309
265 220 49
327 292 63
206 255 350
42 479 111
355 411 405
274 236 330
23 334 307
412 261 256
485 3 289
388 479 474
499 296 10
396 6 247
88 236 139
35 76 384
446 198 309
426 248 471
201 342 20
133 306 261
224 336 492
390 278 460
193 39 245
446 320 454
6 208 28
100 480 384
465 365 115
56 425 166
24 240 212
44 196 240
8 30 204
212 342 392
171 242 185
192 270 79
269 173 400
112 91 407
432 490 451
490 92 88
485 239 103
328 181 391
142 180 193
105 494 422
425 342 129
106 421 490
488 175 109
454 180 373
320 376 152
238 109 187
125 242 339
488 178 179
468 496 19
56 205 379
417 393 308
192 488 40
398 297 303
143 306 318
247 54 361
37 391 134
499 468 371
242 202 263
436 397 149
19 162 321
256 444 83
54 43 246
455 77 284
177 413 50
313 367 141
460 493 116
354 189 397
429 358 161
354 110 315
51 17 312
84 397 355
395 360 188
362 463 415
292 7 198
71 161 262
397 273 438
487 310 72
32 259 357
57 79 174
350 315 368
78 43 169
94 376 102
410 275 481
389 123 306
96 199 24
166 1 486
268 452 21
355 66 261
61 90 276
190 108 307
461 4 289
267 208 496
260 131 146
27 64 454
12 317 213
453 269 455
363 132 85
207 102 223
415 131 191
386 36 432
467 272 33
276 323 394
365 193 48
323 10 13
27 443 118
303 52 272
101 308 126
188 361 253
34 353 188
58 253 322
461 320 359
43 66 499
66 450 481
431 378 254
234 264 162
28 188 320
403 204 370
235 20 126
139 421 489
190 245 459
336 129 351
183 296 150
389 309 124
120 36 158
420 236 38
9 318 464
74 466 428
265 380 142
23 38 336
116 239 415
201 105 206
125 377 159
282 130 389
147 47 135
417 436 13
84 469 134
485 397 38
387 81 242
264 361 261
100 44 24
85 210 233
233 116 280
387 434 494
487 407 272
337 153 153
375 488 84
27 189 408
357 477 74
152 393 178
150 109 143
494 408 461
495 236 5
35 151 102
468 134 265
110 176 245
180 412 127
351 290 41
454 244 193
202 260 64
476 497 235
426 121 291
344 136 196
435 15 109
414 150 336
7 439 191
48 434 309
37 154 133
459 363 99
167 409 427
24 37 256
426 499 254
68 482 417
443 203 41
15 472 133
334 354 286
258 62 235
322 324 476
154 100 226
35 129 8
490 391 464
192 487 312
177 220 326
80 413 59
487 238 224
330 454 437
475 462 477
272 289 354
150 350 373
349 399 151
328 442 95
10 70 244
438 108 223
332 279 276
458 249 273
169 490 188
77 30 307
120 15 96
460 471 71
313 382 301
36 302 335
365 49 378
80 357 288
62 104 55
297 432 242
394 212 312
320 166 474
231 249 323
211 90 140
462 171 251
187 137 327
226 366 356
182 347 203
296 134 42
102 229 479
207 137 339
37 359 222
360 477 274
492 348 395
230 327 408
173 428 258
292 351 142
257 99 294
297 383 385
230 400 354
405 201 360
250 415 139
254 360 311
195 222 499
30 55 476
295 28 374
136 375 495
349 218 464
188 300 244
104 435 66
204 384 203
152 289 426
211 142 157
482 430 314
238 239 426
374 237 280
183 352 268
484 498 256
302 295 120
160 1 282
51 22 238
32 225 99
417 282 142
331 140 187
39 69 356
380 419 196
171 68 141
30 82 68
344 204 226
409 306 378
246 140 92
173 467 330
172 86 268
399 345 380
63 1 363
465 367 362
150 293 315
98 41 108
403 78 298
485 74 391
256 271 224
67 479 487
337 357 391
469 234 136
15 467 162
262 4 128
467 129 247
402 262 161
467 99 388
239 451 88
74 141 426
430 12 27
119 432 246
118 400 149
235 48 373
124 193 199
6 421 148
324 433 150
14 134 377
290 23 243
384 392 207
179 413 295
320 148 213
333 72 433
359 337 95
194 127 114
92 159 481
57 270 365
117 361 257
85 364 317
398 18 236
241 131 413
185 83 122
366 449 245
145 10 337
326 434 175
44 93 48
76 287 290
257 170 70
288 461 398
435 361 432
263 368 408
259 370 153
89 293 316
110 384 471
177 6 183
436 255 149
449 391 304
123 155 97
128 249 378
12 76 499
145 144 147
467 92 184
431 66 153
236 140 432
394 80 149
249 288 421
238 489 463
242 16 323
65 415 362
473 471 241
245 111 205
84 343 210
422 480 97
151 124 493
212 445 348
411 495 287
333 274 431
137 74 366
40 436 142
397 270 15
372 231 415
461 353 471
489 65 184
137 485 205
500 167 181
234 14 387
100 283 287
209 344 456
186 277 56
77 121 64
214 207 44
248 451 149
18 53 497
487 132 429
70 468 488
426 395 378
50 382 37
310 197 276
255 31 132
441 328 74
282 269 63
404 379 39
301 185 367
410 17 29
177 278 479
319 405 306
473 207 118
19 237 275
191 121 181
42 171 269
43 361 450
194 421 451
233 32 104
178 149 258
431 194 392
87 155 278
385 443 272
149 465 66
211 299 138
226 374 156
223 425 242
312 260 393
128 251 87
139 282 222
459 73 361
47 312 475
199 274 299
1 385 317
340 43 90
105 21 401
89 297 404
216 281 139
160 213 295
233 420 256
213 477 365
3 197 176
169 48 331
143 135 12
370 151 149
186 431 95
332 24 320
183 27 240
208 35 411
369 468 312
301 423 58
47 51 224
263 156 52
53 355 92
426 377 95
114 463 412
338 306 144
106 293 51
27 4 387
27 279 375
265 465 64
201 169 174
246 281 193
123 48 258
462 238 479
290 362 426
311 387 303
188 340 222
473 168 341
232 69 285
383 146 471
423 439 96
177 477 453
244 85 470
137 111 198
104 451 280
241 65 119
460 473 329
348 246 96
320 28 96
128 186 380
90 178 211
314 65 444
246 256 358
9 149 263
312 261 355
4 476 274
196 314 189
140 453 365
319 112 288
286 216 12
55 141 109
272 281 340
182 52 128
303 63 495
474 168 331
384 104 39
254 92 373
176 170 1
415 222 234
277 145 388
499 258 381
194 152 361
362 430 356
280 192 44
213 400 191
359 207 147
458 280 145
14 488 32
51 26 268
377 425 172
253 397 67
447 44 367
437 21 182
94 17 156
256 311 318
170 8 321
103 391 160
319 113 247
218 206 14
124 52 11
43 300 381
435 394 486
120 161 315
353 291 100
16 13 355
118 159 194
453 468 317
30 204 407
255 355 258
177 383 209
336 40 193
433 282 400
27 23 213
384 163 187
191 103 382
190 124 51
272 287 3
294 210 252
377 67 227
367 215 243
392 84 54
152 342 200
220 322 332
8 380 18
364 113 318
71 33 399
216 462 348
452 361 323
335 328 172
238 415 86
410 18 439
271 179 228
451 102 334
156 279 80
123 227 244
220 401 157
381 186 75
157 362 410
484 93 65
150 63 352
165 47 220
133 92 252
183 1 499
311 440 144
423 314 376
200 246 441
311 455 300
208 227 206
435 60 167
149 353 301
55 253 221
246 239 128
211 296 323
236 184 196
410 414 37
460 342 176
234 108 475
17 22 193
265 172 373
341 175 196
118 16 169
450 287 263
298 443 62
267 395 308
264 292 366
175 151 7
250 396 252
208 121 475
343 176 384
12 463 118
144 212 344
269 413 342
51 493 363
367 471 33
182 21 289
256 30 214
471 411 387
223 364 83
191 274 159
430 493 109
173 108 153
224 115 34
282 62 149
454 274 231
136 2 260
376 218 365
498 59 423
399 298 217
46 423 494
401 198 159
67 79 222
376 118 333
312 256 368
365 165 280
84 447 351
281 194 32
459 244 311
355 145 436
258 309 485
121 56 375
296 163 280
381 401 189
217 150 216
203 435 228
449 167 210
447 376 345
440 412 380
21 496 455
164 391 408
441 58 312
358 58 468
27 230 198
231 251 375
170 198 492
207 442 432
160 404 384
418 331 1
235 295 289
276 158 328
99 389 371
445 96 94
155 325 74
368 486 287
255 467 2
173 273 482
149 470 238
225 176 490
203 198 203
13 203 277
217 413 299
271 38 323
173 357 424
432 325 279
294 79 286
3 72 294
317 438 467
210 487 29
143 291 332
339 422 136
316 195 346
315 189 111
199 8 89
36 15 115
270 457 58
63 435 60
38 237 288
240 362 137
77 40 144
3 323 376
121 208 63
22 420 223
399 414 303
187 134 385
425 186 56
115 298 336
142 83 333
164 47 1
191 179 487
278 205 139
135 282 379
109 121 350
354 81 289
398 111 225
408 494 81
53 27 449
154 98 124
43 356 338
381 279 394
367 473 363
424 162 228
207 434 429
245 371 337
124 73 1
10 393 125
14 149 75
188 68 153
28 176 315
13 469 6
120 66 177
104 283 102
364 418 20
68 99 3
341 221 113
469 106 3
68 475 464
295 440 6
98 444 375
370 341 442
330 67 51
389 458 259
322 6 63
22 306 259
257 239 116
433 64 48
80 249 69
262 198 228
325 73 348
260 98 91
356 288 448
403 476 197
430 399 97
446 328 479
95 64 380
146 117 67
16 151 241
493 89 332
363 320 430
482 343 486
262 302 232
395 144 246
122 143 292
490 358 196
490 461 173
398 155 423
130 21 301
205 84 63
228 43 475
251 14 448
54 329 106
475 173 415
493 61 327
303 45 82
387 270 435
33 466 60
374 350 240
396 276 370
125 211 493
366 150 133
58 383 436
416 243 198
179 431 132
202 178 301
168 35 330
450 39 185
424 201 471
20 168 296
285 235 292
41 265 50
68 385 101
128 395 226
461 300 118
69 148 456
15 452 246
483 401 488
239 108 174
130 320 300
197 329 499
314 497 8
99 153 473
92 208 218
50 56 455
456 190 151
226 300 90
157 271 144
446 374 227
183 60 472
401 406 174
71 311 54
368 189 424
414 198 117
469 162 258
387 195 42
270 376 103
401 374 46
343 98 450
420 410 236
371 63 49
369 404 288
213 48 343
82 96 443
184 414 436
80 113 355
229 38 11
55 6 322
364 223 335
158 417 326
464 57 25
74 369 40
23 354 360
133 333 51
267 43 266
463 219 269
137 206 256
474 134 65
200 448 420
61 230 16
123 34 214
185 69 55
14 404 132
443 14 148
45 460 132
45 371 247
266 7 353
60 73 424
186 135 31
125 131 255
203 141 125
139 100 494
76 398 427
285 254 247
433 380 4
125 401 55
416 439 241
260 426 348
306 194 400
348 332 83
224 10 460
4 199 129
46 438 300
76 154 207
401 351 254
239 410 443
344 143 72
377 292 277
160 314 149
293 335 21
348 443 336
145 376 47
448 224 120
398 133 372
338 465 146
498 366 19
334 353 335
118 340 92
15 498 34
14 428 305
308 164 109
410 10 220
87 212 232
37 446 337
339 79 455
128 317 164
139 137 257
339 344 327
439 312 186
178 400 48
269 13 159
147 293 305
431 375 366
180 169 339
25 73 392
104 278 197
265 218 359
92 66 198
409 320 382
426 370 463
288 293 395
403 251 337
326 111 155
99 11 135
164 402 107
308 339 363
481 441 135
187 293 274
22 37 164
379 472 249
237 115 327
9 93 265
472 495 50
122 413 119
227 265 152
123 393 368
202 352 1
371 291 99
424 189 329
8 43 61
38 25 17
19 96 426
289 360 3
344 92 292
346 244 14
457 50 93
68 194 73
344 178 266
424 107 454
199 294 343
149 390 128
195 80 411
41 126 202
184 244 232
456 423 465
360 473 141
377 64 262
317 258 226
149 105 482
58 262 317
133 283 78
162 117 358
284 147 18
464 116 237
191 240 434
440 459 365
266 443 331
253 289 420
430 358 148
373 438 460
212 378 239
415 330 105
138 310 235
470 292 145
219 486 58
375 462 118
387 235 427
496 476 303
212 306 408
217 245 58
288 285 116
101 376 372
433 22 114
276 419 209
498 380 495
173 356 269
228 355 218
256 50 204
329 482 311
96 181 54
338 116 51
166 38 325
447 61 51
382 190 139
107 81 450
229 492 4
347 286 368
201 60 262
65 438 466
59 277 335
116 201 429
42 4 162
454 280 33
238 180 461
106 247 251
419 329 28
394 460 355
219 234 293
464 128 267
308 218 461
324 148 483
499 81 34
482 30 56
276 353 167
113 467 53
341 483 182
230 158 181
489 462 251
394 119 318
311 479 424
210 8 75
54 462 403
225 290 310
184 288 245
268 229 8
148 319 355
223 409 186
346 434 274
233 299 364
323 188 42
199 367 53
484 370 419
106 145 91
479 336 471
7 9 278
311 358 487
145 424 267
295 36 96
331 5 67
169 108 133
275 401 414
257 456 102
69 233 143
233 274 77
467 196 51
471 326 345
488 401 331
337 431 389
362 189 350
140 113 367
343 432 462
209 16 414
43 1 408
102 440 24
434 223 367
293 209 458
424 380 52
150 468 316
479 91 352
20 101 72
282 57 463
153 267 169
193 429 69
250 412 255
274 149 99
367 190 425
22 347 333
435 308 390
137 276 355
457 67 261
262 465 272
365 82 420
46 457 233
95 242 75
247 271 24
321 93 155
145 416 172
438 113 414
342 85 209
293 256 127
279 129 339
255 39 45
26 209 404
365 292 13
63 438 334
120 283 27
340 472 239
251 365 115
304 230 40
167 313 408
324 128 95
151 406 309
332 349 341
44 281 462
286 444 324
155 42 120
247 335 365
10 193 377
483 149 280
106 189 303
137 284 152
73 68 167
170 36 423
419 250 176
24 127 304
195 72 41
453 213 287
357 254 357
62 402 396
398 364 310
372 398 88
231 121 330
402 312 71
61 228 138
389 52 460
73 380 304
369 224 147
18 464 408
116 130 383
372 246 459
7 396 402
28 305 219
319 299 172
249 365 42
201 119 274
474 471 353
76 80 268
68 481 285
16 297 187
258 12 204
26 176 109
405 37 204
126 280 437
118 219 499
380 59 40
156 481 172
386 48 315
201 152 312
78 170 492
390 364 445
227 74 213
165 26 108
274 221 235
237 52 303
275 414 485
199 101 180
186 274 119
406 205 160
163 71 177
266 114 24
27 12 260
121 187 174
206 355 156
188 267 337
488 487 476
313 35 50
152 202 10
417 384 215
451 145 199
422 115 208
396 306 79
242 487 303
235 264 393
300 441 372
112 413 368
309 254 325
447 288 481
121 176 48
491 463 209
38 371 490
375 444 456
82 413 79
304 194 322
270 467 300
253 237 69
417 65 26
410 278 393
358 324 226
85 195 86
141 230 117
471 284 379
199 9 430
480 359 287
491 283 145
105 215 169
407 190 421
18 365 306
4 336 59
329 121 45
431 412 478
219 353 7
439 155 44
66 436 257
383 460 10
95 347 81
409 325 203
243 116 112
438 407 302
497 192 433
334 199 103
45 438 207
147 239 206
140 327 277
382 440 414
331 186 142
382 272 481
112 104 140
316 102 365
473 14 119
180 214 440
172 175 124
257 483 94
339 188 446
209 85 128
320 341 125
77 483 102
387 500 446
287 349 183
421 79 169
178 471 143
5 477 191
84 391 139
90 182 195
146 324 392
34 432 177
246 244 89
51 133 196
306 37 123
250 2 141
323 185 339
112 397 319
259 393 148
453 291 97
131 215 388
131 163 36
356 317 411
78 19 149
149 305 243
346 108 403
445 437 153
83 45 91
151 418 259
286 465 447
159 400 54
416 414 166
79 263 434
65 276 229
15 293 170
452 87 132
470 389 35
465 402 486
348 16 344
480 69 89
407 143 421
114 490 136
307 370 282
291 200 276
207 19 345
337 222 407
190 137 366
198 150 451
481 385 231
250 308 431
400 90 425
110 494 112
175 324 236
323 187 260
427 323 270
178 128 75
415 73 299
397 343 343
320 328 114
70 487 413
303 381 50
58 51 284
66 361 6
217 62 280
58 375 354
109 225 460
142 175 168
381 7 241
145 481 162
407 301 428
109 187 54
421 469 329
57 397 292
282 110 229
423 101 400
242 263 324
186 296 13
214 178 169
70 253 249
286 412 365
355 447 358
5 177 359
230 450 332
86 333 354
239 226 419
56 100 462
132 380 307
334 454 176
220 300 16
40 450 80
194 329 167
446 237 330
482 182 221
110 39 245
86 82 74
54 432 354
286 40 446
287 59 206
333 416 114
6 376 467
348 470 483
293 174 79
213 376 211
364 254 333
154 408 181
226 258 11
32 46 167
42 461 2
451 188 369
198 225 351
384 225 364
207 108 429
87 62 25
419 31 324
456 390 466
169 254 337
363 108 341
121 262 370
133 315 78
112 172 232
495 231 78
227 417 297
54 247 198
245 382 224
307 198 149
353 270 226
447 224 354
73 401 214
135 23 190
270 268 186
164 291 414
106 163 408
355 191 154
232 111 277
496 115 293
107 431 275
246 338 99
486 157 82
340 327 395
64 59 167
9 138 426
366 14 305
419 33 150
57 331 211
475 138 83
135 480 349
59 44 83
364 321 212
131 295 176
372 229 159
477 364 486
376 426 315
138 486 289
50 7 279
428 449 481
176 327 156
477 173 445
491 244 266
230 317 289
284 8 206
101 71 112
444 42 256
448 406 442
142 27 38
289 153 336
53 134 304
415 40 130
347 48 89
309 67 410
206 345 409
359 253 324
360 172 313
217 155 431
280 126 330
315 262 289
263 140 105
248 264 40
437 406 52
486 413 134
391 448 306
438 406 302
416 448 222
297 368 480
91 400 21
203 472 378
45 494 105
8 25 453
402 362 291
5 414 493
252 120 194
402 302 137
31 333 436
412 381 434
64 458 70
36 316 228
58 140 236
320 160 192
142 153 392
313 499 288
351 390 229
246 496 366
488 300 496
121 465 500
309 243 78
100 30 337
442 333 438
75 318 368
460 98 244
25 320 274
385 421 449
269 185 405
285 493 430
134 385 101
130 111 377
320 53 247
434 175 10
352 316 300
260 27 122
282 64 169
467 447 330
145 84 256
213 283 28
428 223 192
67 419 400
459 258 136
377 480 405
1 49 403
21 426 79
86 145 312
258 119 212
184 444 244
481 123 401
340 250 287
452 379 413
151 363 132
468 31 152
190 494 83
106 120 499
81 313 278
452 73 365
285 82 324
401 320 165
26 363 348
292 280 150
289 435 258
476 62 48
310 425 354
430 1 403
180 447 322
256 220 412
28 489 12
166 135 160
258 263 202
316 82 213
43 99 102
19 439 489
76 98 204
264 336 45
416 187 227
91 132 146
155 460 149
66 183 271
277 325 366
80 466 77
55 170 138
497 84 222
474 24 311
437 337 113
388 78 495
38 408 215
191 405 174
13 257 132
152 266 375
484 72 327
142 24 319
307 95 255
153 15 188
263 371 445
65 436 346
446 23 404
109 90 304
472 24 323
446 19 273
43 248 209
155 89 403
139 90 23
102 269 119
467 484 260
96 27 137
377 165 168
23 65 216
13 274 430
270 317 394
195 139 481
341 252 16
90 196 500
123 11 237
150 336 97
274 93 97
75 228 332
190 441 135
97 86 72
65 117 364
332 53 460
346 20 61
81 408 497
49 485 180
486 82 192
352 59 87
248 420 41
247 109 117
368 7 481
79 110 33
84 146 75
222 142 226
357 244 148
201 83 267
337 219 456
340 402 33
381 458 236
183 132 457
268 262 194
100 223 58
263 499 331
39 163 209
242 79 480
422 85 423
295 464 132
241 151 412
40 362 268
467 205 171
348 86 281
293 34 221
432 125 424
210 38 125
387 134 18
476 364 20
9 188 222
339 278 446
125 124 278
478 64 311
99 208 178
326 141 33
181 418 317
346 9 343
405 30 144
466 99 494
46 425 482
458 359 361
247 38 458
271 272 106
252 193 462
85 438 226
250 392 335
88 416 330
225 233 312
343 6 412
482 141 318
417 17 355
307 48 379
492 183 498
127 90 225
129 170 100
395 333 497
396 67 438
335 385 269
180 356 200
184 296 421
1 262 9
379 349 377
31 346 486
196 223 429
394 14 447
467 51 146
319 219 462
90 416 312
323 164 376
79 124 30
219 78 322
