1500 4500
465 258 381
966 716 287
792 737 360
397 769 79
1493 155 43
358 553 377
292 83 179
399 914 50
1476 1049 426
352 1111 425
120 414 178
537 1021 422
1025 1464 308
87 679 35
726 756 223
1380 166 53
605 557 444
1353 1096 165
254 959 70
1360 716 352
486 865 446
148 1278 461
1475 1225 61
993 1460 208
90 170 252
69 1170 424
574 1086 215
345 1383 498
1485 1496 189
667 537 346
947 657 404
1095 543 321
536 708 165
1307 453 416
1357 94 239
832 186 424
351 3 313
784 591 310
1062 318 370
745 588 228
1340 538 107
1423 158 29
1025 1168 97
504 806 335
1353 896 125
391 675 360
1238 959 2
1030 1141 329
618 99 31
1117 66 458
1304 1348 84
816 52 42
1231 275 262
312 512 384
286 482 472
1097 1306 368
825 371 143
1087 1418 308
768 1287 248
1369 1175 167
1378 1345 99
588 49 69
1471 1141 465
903 569 34
474 697 485
388 511 40
690 877 19
328 1273 152
1152 337 349
1347 644 122
1479 743 402
810 259 128
350 1300 382
854 1388 111
210 1162 351
798 454 233
461 976 483
390 1229 239
564 770 315
82 1256 317
879 640 453
394 1025 147
211 999 84
290 1138 11
125 58 201
1448 882 159
507 1164 302
1317 1175 302
836 121 52
1329 740 398
113 821 129
551 1283 136
1123 654 170
355 414 325
692 485 288
1333 1202 460
948 296 359
1031 612 404
136 790 128
372 837 148
551 569 188
674 1476 489
679 1185 401
1482 498 270
1217 1079 327
151 512 415
625 1457 104
234 523 488
1149 1271 485
455 764 135
1351 1356 431
1075 37 277
1183 1404 455
1333 747 248
38 1333 472
1231 890 51
226 284 366
480 547 344
341 1392 269
1349 1058 14
580 1395 162
13 784 325
1324 1115 148
592 521 303
912 1263 118
360 336 42
99 567 346
276 233 493
1112 543 26
103 817 295
907 1042 286
650 866 451
1075 154 37
94 144 87
87 824 137
231 246 179
1105 779 1
981 614 192
1286 1080 276
558 1318 253
661 1395 264
194 1495 243
927 5 24
827 808 206
850 507 228
360 1417 52
146 577 482
1326 939 379
765 1295 497
141 1458 161
630 1405 460
932 577 317
502 794 142
1481 874 266
1218 65 391
315 120 415
1041 91 258
1159 812 344
1395 85 285
1205 1091 499
916 668 364
164 130 47
46 808 201
1004 1369 185
162 1129 365
169 958 216
1003 1425 321
567 738 417
1310 768 412
1125 723 275
738 832 347
1244 597 102
613 1342 283
1219 432 116
1338 162 411
696 762 103
224 493 181
1329 592 201
226 1159 137
382 366 61
382 1284 95
1130 825 292
934 795 138
1352 152 454
1372 150 339
192 206 441
174 107 196
1010 594 109
1446 104 238
1153 56 14
965 659 90
1404 731 346
1098 64 310
823 428 302
930 1037 177
743 266 327
1119 1306 8
237 1059 139
1246 407 268
1084 1115 215
1044 305 286
721 201 40
965 979 285
1125 1064 233
529 814 411
1379 570 270
342 586 281
355 1459 205
1137 601 437
176 1466 109
71 1280 412
902 199 252
589 219 296
151 1147 313
1030 811 209
471 536 209
720 1223 354
226 1081 382
637 842 429
891 139 104
203 844 76
173 649 338
945 259 422
1201 478 368
888 1283 211
111 1029 17
1034 412 202
835 1228 7
430 1077 133
834 1040 49
817 310 204
880 276 338
1060 524 357
407 942 27
1083 1264 371
926 1073 125
1007 757 465
684 647 425
765 555 486
983 1249 232
337 491 413
5 841 71
881 587 217
757 341 416
68 1108 448
1498 677 16
216 930 349
567 96 165
467 748 45
165 1454 214
977 67 365
1008 100 132
313 287 88
918 1382 211
1348 736 487
443 1340 72
595 144 91
692 363 353
360 675 340
1176 1487 110
1240 802 319
1066 1199 27
1260 1172 26
1292 587 314
1393 642 371
1375 781 20
791 119 420
1348 585 403
604 1442 161
1464 214 216
1366 594 32
913 1208 482
1401 1416 211
661 223 472
1335 529 380
738 432 162
209 678 472
314 317 362
879 448 274
1051 1042 323
941 1077 447
1177 1234 61
20 646 433
317 1494 99
1132 604 231
1395 345 495
1075 1460 16
879 964 145
1012 427 444
907 860 16
956 1089 437
1471 286 420
162 651 306
702 1325 68
976 1147 428
584 1280 250
619 1340 100
222 928 201
1450 1376 66
787 741 286
494 257 494
1176 914 346
230 274 153
1439 1186 107
400 51 246
428 273 160
394 1052 97
242 366 399
86 308 327
388 139 421
790 23 328
385 1157 10
989 1154 348
888 1221 33
494 1092 154
844 451 423
506 1199 160
996 45 137
453 835 382
1290 95 68
1456 47 98
1249 194 294
852 863 304
814 535 300
599 697 199
969 574 68
764 379 451
190 39 395
558 965 270
70 889 50
1393 348 339
883 198 489
372 298 92
1281 1372 287
676 1284 467
1278 648 327
1054 1274 76
1436 149 241
398 336 28
634 1481 305
429 1379 73
277 1481 386
1449 229 126
298 333 162
1270 733 178
772 1490 245
1359 832 49
324 644 126
550 348 246
219 483 91
1237 1203 239
1458 557 142
335 1248 396
1387 1436 82
1170 910 441
816 278 355
278 954 492
735 1079 8
676 214 127
823 266 452
247 1485 287
52 40 51
1474 579 24
665 714 39
731 325 71
739 1124 436
1395 1320 161
113 80 253
33 891 171
891 1300 402
1247 1328 280
200 1062 141
1267 810 63
1233 931 68
996 1456 117
21 1450 179
929 764 47
386 1182 50
1099 492 361
809 422 473
1402 636 152
646 1303 428
91 1381 339
738 233 363
1346 1127 162
570 491 48
1052 106 295
1174 1235 462
1064 444 396
1331 1384 262
976 545 51
234 1086 19
438 757 157
380 54 461
807 469 84
12 923 9
894 175 108
1098 957 40
489 1122 53
1132 1228 462
450 57 138
778 781 488
1329 101 374
1082 533 443
531 989 439
168 829 132
211 98 80
1254 1144 157
1057 743 397
598 1268 35
722 854 312
240 771 344
1338 1114 264
1130 632 37
1051 800 265
1419 1265 350
328 631 55
52 1327 293
436 486 262
1166 266 352
885 1458 451
554 16 53
996 1308 456
607 452 118
830 720 66
1078 738 3
1026 186 199
1156 1399 51
286 883 97
1174 608 163
1465 1242 492
296 1090 422
444 549 457
929 1278 157
1092 155 386
504 1190 362
413 308 102
957 389 361
86 667 396
1237 647 316
1463 88 386
819 857 328
760 1363 74
1444 1053 127
699 302 293
1379 1082 229
1329 902 434
60 1048 189
375 1096 377
437 743 456
513 320 259
1266 908 296
768 221 184
1324 220 493
513 287 333
1167 802 238
304 470 372
1177 1197 101
61 521 303
254 628 57
1430 989 263
406 28 61
1239 79 461
1228 1264 65
792 726 284
184 971 264
508 1454 498
345 42 24
1243 1128 477
601 82 427
914 917 241
1411 375 339
671 1037 40
506 84 489
1269 927 500
833 839 290
389 1493 207
101 1446 400
1009 741 130
189 770 390
524 1478 139
1339 1176 145
730 462 346
262 335 109
805 496 417
257 955 47
209 273 79
837 1102 258
259 1456 41
326 867 255
1363 695 470
1241 428 302
1415 1270 319
1163 886 307
1331 1043 241
1360 1028 483
529 604 415
1462 213 169
1270 1354 185
337 895 167
1142 80 10
65 358 86
1465 483 426
1183 840 107
884 1481 65
196 454 83
329 113 462
1208 36 112
947 1213 230
1360 732 66
851 114 164
874 1144 394
265 318 457
216 321 472
1097 305 334
328 329 152
957 1015 225
1396 362 298
641 408 153
81 1339 24
1276 1477 212
181 551 130
872 1124 28
13 1333 71
429 237 35
777 1262 360
938 1352 247
361 1492 463
865 820 322
228 152 469
664 1174 329
1064 1307 76
641 532 174
7 850 251
617 1472 328
1038 1042 160
826 165 500
467 1034 213
45 919 243
220 730 151
710 997 378
1183 1163 132
1487 1397 484
1348 904 69
802 811 319
574 11 18
1377 329 216
458 112 97
712 782 476
751 1064 415
506 106 348
564 560 270
1150 453 397
246 118 197
624 420 254
15 746 193
723 1174 173
1240 23 301
162 1271 424
134 519 187
1264 92 81
527 999 31
699 1128 67
267 668 311
258 589 234
1479 1173 417
920 841 386
123 773 198
367 1184 329
444 993 183
543 303 112
409 144 273
1113 574 423
1063 680 353
1225 546 104
650 1311 443
91 1006 194
191 910 134
1090 478 235
604 282 464
229 1270 62
720 1170 256
442 328 288
1221 1035 429
894 192 284
533 1035 129
339 355 408
345 443 110
149 1066 283
1240 1449 60
248 179 351
783 1264 333
140 298 444
676 871 423
1176 890 446
1269 780 47
1417 590 173
499 355 200
532 1358 177
626 45 384
392 1290 444
794 1099 34
1477 118 16
667 678 426
925 1450 197
116 670 338
1245 25 97
56 613 275
231 1069 384
695 1013 177
84 159 316
764 377 12
1161 418 132
632 1432 231
1195 1382 196
456 1323 397
700 355 433
634 835 333
65 1360 429
958 912 238
1160 168 407
1356 1038 191
580 1430 405
721 641 170
1314 1398 35
310 411 486
1417 297 35
282 1117 434
1375 1379 338
973 1446 373
819 1335 72
1203 235 44
972 51 109
1303 1183 77
753 412 424
739 336 336
746 1132 20
154 1006 81
404 145 178
543 155 183
74 523 334
1224 148 202
159 905 99
60 43 351
63 475 124
1011 389 403
1415 851 361
1446 544 194
279 1453 80
1452 1418 489
874 332 241
1155 209 111
772 740 180
134 499 134
1219 222 330
1059 1085 233
633 971 423
604 596 27
40 612 81
602 797 234
952 1305 263
43 672 255
487 859 276
1247 1437 464
1353 1460 264
1225 1178 324
1341 1393 215
292 1030 306
1275 864 5
953 508 200
660 227 120
126 231 49
189 773 432
260 1476 269
211 713 171
999 63 363
1324 620 235
808 725 189
664 865 170
1065 1038 304
488 923 101
936 979 281
826 328 450
398 638 303
601 475 190
776 263 412
1059 568 165
181 56 184
386 1253 46
813 537 358
148 1297 13
1182 539 488
31 147 39
1471 477 358
182 635 129
653 737 289
1339 92 453
433 79 96
196 1464 486
543 616 415
544 91 250
1412 1443 163
1419 207 266
789 199 346
324 1081 439
833 989 442
1088 505 373
478 165 13
1360 305 454
405 146 356
677 362 380
732 1437 370
434 748 244
78 582 326
1309 865 409
730 803 435
1325 1372 353
182 971 437
478 756 86
671 538 377
316 1296 218
238 143 64
1136 6 278
326 7 316
901 261 282
753 522 10
426 608 230
1321 1081 163
1075 144 396
575 1483 376
1297 458 317
95 54 324
1419 832 452
1397 295 56
223 761 322
753 669 46
210 1326 253
245 778 290
1199 97 456
1440 1449 41
258 1218 255
1376 265 96
758 863 6
292 1165 1
942 68 201
950 124 279
931 822 425
84 1252 403
495 399 304
1182 950 241
1454 154 67
654 539 330
145 541 193
1223 1154 428
658 1253 237
1456 5 114
877 703 400
243 915 428
914 67 351
1388 103 389
1029 663 490
110 318 456
1454 904 235
476 1444 237
1093 1003 260
698 1034 357
490 645 60
241 1315 244
28 508 220
1149 36 348
1242 1307 425
289 155 266
1098 1052 443
1422 1185 382
191 1164 469
671 1134 430
515 375 269
1399 1333 33
593 842 480
474 209 487
721 1260 241
763 1274 476
1341 1173 445
953 591 289
741 315 101
1192 445 238
1425 815 234
1350 745 357
144 1498 21
1060 247 180
1446 1351 258
1457 262 201
276 1085 465
312 379 328
926 1220 217
726 1330 402
97 1329 112
536 805 393
79 962 85
1481 296 38
1209 1016 250
704 250 388
406 805 463
1442 931 322
134 198 43
243 1488 145
1132 1141 484
1456 1084 118
410 550 186
355 500 446
485 924 42
842 734 439
215 896 116
1376 699 147
702 39 359
1165 519 394
297 30 476
1077 652 19
1405 1331 96
171 811 299
1182 1209 369
447 790 488
766 839 152
904 773 221
1449 1234 498
995 258 257
533 558 454
614 861 146
556 501 242
559 1243 77
185 558 369
170 1295 378
562 321 237
1420 9 455
172 496 239
1041 333 115
875 820 406
1162 902 365
1109 1177 136
1007 976 192
1295 556 297
20 1286 420
556 301 64
176 332 358
755 1250 439
1366 966 110
204 518 79
120 133 447
345 986 496
925 817 297
1322 1436 63
436 963 38
106 1101 120
1345 302 394
464 73 146
1074 823 251
674 520 380
475 851 428
891 187 359
575 433 215
905 574 425
244 950 355
715 1275 22
1449 1450 15
176 1347 269
328 274 176
868 244 57
866 8 123
335 969 176
410 1326 273
73 957 60
1435 589 13
1123 447 183
55 279 97
410 386 145
890 1214 39
675 273 495
1375 1425 423
1173 620 38
1210 1472 336
744 1293 273
607 1424 389
1361 547 65
415 1096 476
510 854 252
57 142 273
60 849 376
8 427 431
679 1095 269
216 16 104
1115 917 289
1371 786 136
112 1354 150
1082 421 90
956 696 244
1327 1114 78
239 546 281
755 1010 105
683 1167 439
107 207 437
1000 878 274
37 1127 437
542 101 113
94 892 394
322 696 246
1453 149 400
463 1238 459
489 570 410
152 333 457
576 848 414
542 1005 363
1377 447 120
712 1049 227
1446 787 148
928 226 193
154 1397 109
299 1306 63
329 154 4
68 779 251
735 200 422
879 1168 316
1454 884 451
467 1093 256
263 703 467
669 832 160
864 1250 42
827 142 449
51 582 111
1433 961 398
1489 1162 471
232 205 223
414 552 209
252 534 303
1085 764 257
1088 1079 436
578 57 254
196 907 363
456 185 458
252 348 196
656 1363 283
650 1173 205
160 597 159
1454 813 258
66 949 228
1263 1409 409
320 671 95
920 385 28
450 1121 469
1040 1388 101
1075 831 43
1253 220 83
126 1103 493
1277 1303 210
164 639 101
503 426 271
1023 1445 344
99 1134 183
749 765 305
861 555 185
1055 293 29
1016 776 303
1285 308 85
1242 946 294
1210 688 44
1003 1473 159
283 129 97
390 928 351
991 80 305
220 1031 59
908 1433 178
1324 218 458
1202 233 314
1242 155 306
732 936 405
508 90 133
558 1447 174
171 61 223
968 700 310
1442 250 156
1385 711 338
503 289 218
1350 383 294
675 495 476
983 508 30
1052 839 470
558 1185 42
226 1444 253
1234 1032 444
290 280 165
553 1470 281
190 1313 256
1001 671 441
43 523 281
1135 779 261
694 562 210
1160 590 324
725 195 420
977 22 169
461 759 208
1097 744 380
1473 1065 154
1387 1460 201
140 1438 215
485 383 432
522 1261 277
515 1305 445
869 1116 222
60 1089 321
615 1076 66
366 1183 303
45 1172 74
777 1176 463
22 590 483
1063 931 240
1261 432 22
1300 270 44
1222 661 217
317 255 494
820 600 496
1062 119 409
582 256 459
372 437 384
813 1368 490
178 1322 270
1282 1009 447
1268 1199 469
515 1346 136
1277 336 396
110 164 107
1369 1116 228
1108 348 146
587 1246 394
981 1282 299
979 357 291
179 252 349
939 385 264
648 208 154
85 1248 115
32 441 447
1014 1202 190
683 36 238
31 790 241
266 384 419
295 392 96
683 529 376
1204 1004 375
503 59 105
734 729 392
14 1001 439
1428 67 336
1491 393 467
1177 1427 390
1107 1472 443
1263 718 408
1490 1335 7
1338 99 60
1373 87 214
915 1448 74
314 441 181
1115 795 149
410 1431 195
279 489 271
276 780 24
582 766 419
139 1067 247
1235 974 176
66 1254 147
777 1108 210
1226 836 116
870 522 99
1130 87 91
714 1366 383
68 1099 370
374 1414 219
1357 244 465
383 30 422
1136 578 164
1423 500 305
495 713 366
368 139 56
1296 63 383
43 1098 110
620 247 5
100 507 268
1289 2 405
1097 969 389
386 138 452
1393 273 11
633 725 397
276 697 171
718 1147 324
506 977 170
1365 1085 442
1413 399 446
1437 1338 32
1435 663 379
1251 319 81
980 486 244
945 894 37
1023 56 407
462 449 327
1223 949 357
1054 1309 390
1457 110 127
404 1202 123
919 1472 30
17 1422 398
1064 130 200
15 103 492
720 229 379
658 429 271
520 1233 171
272 471 201
87 1153 50
42 439 128
1127 512 397
540 380 385
1366 523 445
961 1133 187
1450 130 372
980 863 109
1323 644 250
268 581 184
1400 454 51
507 302 216
565 1240 141
198 310 113
1352 549 283
261 245 486
5 1021 346
371 507 87
781 28 190
1279 778 168
1043 1334 124
601 1368 407
395 678 31
200 1129 328
319 402 394
895 1285 309
1140 1065 390
1250 1162 291
445 405 292
751 979 241
860 1198 422
894 284 342
1255 1022 356
1339 827 223
1365 658 168
332 267 102
1183 314 2
542 217 173
1047 370 350
511 325 294
997 1240 493
488 514 59
251 630 388
892 990 174
1415 282 92
1500 757 199
1005 717 62
21 132 441
338 535 227
384 782 41
1163 693 203
1160 252 235
154 818 486
1363 1259 196
1180 761 61
140 439 310
1301 1438 227
1354 242 162
489 539 420
1256 1476 174
608 886 54
860 1408 257
526 1236 148
414 715 122
1211 1023 354
1007 1430 86
736 1296 441
162 822 260
279 1492 266
22 21 91
1146 1446 434
1230 1174 263
1009 462 13
349 570 116
1060 8 246
368 485 152
529 432 274
346 1169 318
764 175 233
1291 1277 64
1047 1472 328
242 1294 247
1360 1246 58
579 691 71
1197 715 69
531 1214 100
355 1268 32
1013 469 64
293 1335 68
11 131 364
536 1319 27
9 998 432
801 935 179
941 227 89
1348 1159 77
796 484 188
88 763 63
27 1381 189
702 1038 81
1244 1063 244
274 1039 19
624 1145 411
1372 222 266
746 556 357
1272 76 350
540 993 198
943 656 192
1272 1014 433
525 309 280
1073 313 218
119 914 431
435 1324 32
1133 1069 14
914 971 497
145 288 104
567 611 169
735 251 314
130 6 219
394 322 148
817 1440 115
1496 1104 191
893 871 161
1017 1310 147
9 765 110
1002 1187 32
711 952 231
818 1104 289
644 87 217
1057 1337 466
863 902 108
808 902 151
623 504 190
873 885 89
673 426 167
612 1145 193
319 237 107
1240 232 416
255 756 11
66 730 270
554 478 139
1246 616 490
1171 332 339
1412 262 193
91 1367 84
1316 1055 361
1187 1066 482
156 412 456
773 1148 288
1169 783 69
945 463 264
2 890 42
355 41 283
294 513 271
8 444 443
682 279 356
968 777 456
253 326 104
1001 1090 315
1181 1434 404
557 990 403
672 658 368
596 1106 465
755 868 286
913 899 328
1118 325 7
342 448 284
356 817 318
922 788 371
1311 1242 54
446 935 305
373 1164 141
1230 1245 17
1352 744 402
509 749 141
552 1486 152
853 25 302
1493 799 133
425 215 57
71 426 365
1306 705 64
197 679 381
195 1391 114
733 474 315
971 1136 431
1470 331 454
965 1176 19
1346 66 433
1177 77 193
330 1201 402
1209 779 323
108 819 287
583 32 372
521 4 239
275 996 374
1234 265 245
714 1064 78
1289 1335 428
1479 723 146
1232 1361 10
73 1117 173
154 1441 244
1267 1495 137
460 712 139
1394 605 251
554 92 324
784 1219 389
348 660 208
1493 1084 496
428 498 38
888 996 341
672 677 140
408 1293 489
7 1105 422
1371 470 411
1441 527 113
555 922 400
274 754 236
500 1351 437
1282 1475 394
1429 511 258
1491 353 106
186 1428 72
474 589 471
39 562 180
745 747 96
1214 154 370
395 432 181
72 1201 250
97 256 306
684 508 128
598 1016 359
977 617 375
1290 78 209
658 194 172
1339 844 8
426 190 253
1423 1325 232
109 713 171
647 781 218
1056 827 264
470 721 20
1462 392 493
1019 525 275
1436 920 385
216 682 139
706 1383 72
1007 1072 294
229 541 298
192 211 17
757 415 394
1406 1067 61
1330 734 383
1079 665 445
824 242 492
304 910 165
734 1428 55
771 909 174
854 603 32
550 1008 285
952 725 99
351 775 188
12 568 209
929 664 299
937 451 367
1131 420 25
700 1170 173
1295 14 383
689 984 343
809 975 107
386 669 254
417 1251 350
649 1470 464
1127 1448 304
908 165 274
676 122 159
462 1215 443
18 1361 448
420 12 68
1002 1308 104
1442 144 257
367 1273 282
1216 629 454
371 694 151
465 1058 244
1447 50 382
2 121 225
777 888 193
540 482 213
1457 1498 25
1005 840 70
16 352 179
1033 940 255
403 109 162
579 1131 14
822 824 311
358 1483 23
1321 648 388
575 304 5
847 240 366
263 1360 249
566 405 396
740 949 391
283 1348 280
445 1234 206
335 678 305
627 153 275
1444 877 180
237 388 263
957 927 73
758 1163 16
46 1113 257
785 612 201
1370 265 438
1338 1297 12
564 232 111
141 1147 85
27 555 153
126 1356 363
925 773 155
1000 117 430
585 971 90
924 1013 188
844 386 409
1444 771 21
1417 877 284
1293 852 419
760 1192 419
208 350 281
896 194 115
1180 323 327
947 909 41
1339 1203 80
355 856 346
1013 916 22
1300 484 342
128 1494 92
523 1193 473
653 1126 184
313 266 310
1353 587 32
1439 1254 73
15 1415 466
1050 140 335
1042 238 190
710 917 266
797 378 118
1283 608 322
899 63 61
962 1391 241
1447 633 415
230 883 388
970 136 231
696 1008 10
763 54 321
1256 761 260
1377 100 460
79 818 49
747 1043 335
691 54 423
564 87 437
1141 515 233
168 804 397
815 1371 140
122 1199 27
905 172 312
804 1412 63
209 1369 290
157 1127 85
43 1324 320
1199 1495 36
804 500 466
93 1003 355
937 1202 174
114 6 291
626 1491 168
1020 167 305
744 426 234
100 439 238
1201 602 450
244 575 12
1482 749 190
268 404 344
108 1128 160
890 982 167
255 256 299
1199 707 125
856 543 74
1407 473 409
1378 806 232
1038 860 463
1275 1297 78
623 555 206
22 257 348
888 732 444
622 608 119
1280 116 107
5 190 495
130 220 238
1389 341 7
1244 759 38
372 1107 168
966 93 378
787 72 162
307 880 481
1499 1148 290
844 566 384
139 1155 471
328 244 46
1006 210 403
814 381 77
1331 1272 91
125 162 451
692 213 316
300 1362 31
91 240 227
1036 458 115
68 879 159
1267 1293 254
1076 1067 458
335 601 37
1178 237 110
318 1053 459
630 1400 427
664 888 44
167 220 297
1178 2 474
143 1261 65
1102 324 279
1351 1129 238
837 1139 419
494 631 192
831 2 242
870 1073 67
1410 1434 480
1291 634 125
1423 207 289
1294 238 476
186 732 413
1051 48 341
1216 59 296
580 1055 290
698 804 340
1294 286 354
687 469 255
5 745 391
960 520 16
992 519 195
513 562 126
786 695 379
572 115 492
1178 288 318
1330 1358 292
549 615 15
253 553 116
1225 464 283
1486 1102 480
103 94 252
294 383 123
120 1453 143
821 777 104
608 1000 279
1185 857 385
261 1412 49
1185 4 242
250 592 382
282 34 104
844 249 167
545 516 224
956 1299 414
1068 723 258
139 1381 145
497 1322 191
1472 855 491
1309 1310 21
181 491 270
212 1453 131
872 406 419
1422 473 51
203 900 100
1182 1484 469
449 1427 95
781 1170 111
1384 415 141
1430 200 417
962 896 11
299 869 60
376 653 33
1341 1141 221
246 9 465
362 349 15
1219 1025 215
1307 1397 206
1211 1377 48
455 1414 58
237 1383 483
62 1 30
843 743 485
1202 143 32
1365 1465 257
418 614 366
128 1255 14
401 915 403
1491 503 219
1204 710 317
1472 944 145
1071 741 142
239 684 455
894 111 120
177 476 28
38 1205 224
1391 884 248
1193 345 127
950 1207 255
431 196 443
347 67 339
84 1093 25
458 1401 321
825 207 400
175 658 230
77 877 192
597 1471 463
1068 839 66
1 33 187
306 760 40
1332 1051 442
107 971 265
248 1077 472
742 1460 313
1101 978 364
1087 519 378
436 11 410
656 1427 358
683 482 313
1314 1268 473
239 1057 368
1159 1059 435
828 1496 170
935 1209 14
875 912 146
295 990 361
612 1064 309
1375 320 103
306 302 185
1224 425 497
532 575 83
122 700 40
111 617 373
1112 1347 59
1283 1400 367
914 1318 348
562 1111 465
762 1145 69
1311 891 88
468 1333 180
1025 944 126
969 1184 431
344 1106 213
316 1307 206
1196 1125 127
29 10 248
1364 621 15
989 885 437
867 367 67
1088 117 408
271 951 346
346 863 34
790 788 435
944 401 296
66 1394 96
1258 1292 437
730 636 466
1157 481 327
302 996 15
986 775 92
6 586 459
1473 200 495
363 1443 382
553 926 14
915 884 90
1279 52 28
1452 495 459
903 878 257
484 905 298
1488 638 403
628 552 222
183 548 358
709 1247 177
1123 63 230
193 186 380
1242 323 293
1030 760 397
1287 1475 206
289 708 13
1255 1238 101
1363 1228 286
379 465 361
971 356 7
826 667 27
438 307 464
1465 159 129
908 1358 196
191 540 2
568 799 391
1127 1483 322
178 1162 94
1103 1413 3
828 734 120
398 1073 484
391 631 234
1488 319 270
733 138 262
451 838 39
413 1272 142
772 1380 385
1470 300 25
675 1316 302
177 416 98
896 1399 282
932 377 414
202 607 194
1494 155 321
959 1037 275
742 10 400
832 71 276
955 1111 479
1066 1041 249
556 935 445
1099 759 357
1440 1448 418
1457 768 265
445 1023 272
1084 991 81
621 587 322
486 40 95
385 830 18
724 477 481
872 704 154
1173 663 324
1188 876 386
14 1377 276
25 367 29
1061 898 162
123 628 174
906 453 301
423 1345 84
20 739 401
825 119 483
195 1495 20
1169 1350 456
160 843 233
37 1451 457
1081 298 106
628 669 374
520 1324 306
904 1306 327
1309 1246 261
27 878 345
970 30 323
1274 116 112
266 599 367
729 736 97
464 839 2
1424 408 178
220 711 46
666 351 406
729 581 319
801 837 26
110 1487 308
985 1292 499
860 339 147
1278 904 84
824 873 132
220 1019 472
1197 579 412
146 556 337
863 1119 86
205 384 416
328 151 382
1198 1287 439
749 454 58
240 862 115
591 1070 212
225 68 80
508 701 119
485 908 40
736 1173 487
864 1073 266
384 108 414
788 1465 319
346 641 214
272 309 133
999 665 500
466 482 22
1018 707 136
799 1337 202
85 528 368
1050 1093 155
1102 1490 374
167 1143 287
1388 617 69
656 1116 92
1314 1147 9
637 115 171
1126 514 296
820 1095 346
695 87 190
522 70 43
377 1171 265
951 1283 200
591 41 275
788 327 202
23 403 103
1342 1064 441
172 974 45
1428 1045 449
1103 423 484
188 612 51
557 734 255
1049 906 114
214 1156 202
910 1433 457
870 1083 410
235 41 50
1093 412 123
711 511 101
509 1284 165
1001 1482 369
379 882 341
437 933 323
1085 295 412
229 1021 489
766 710 465
761 894 131
92 607 84
814 101 178
471 383 227
326 1280 213
180 881 230
899 801 241
182 720 274
893 1261 190
1422 1112 167
1298 560 278
999 244 53
1316 12 340
452 1218 282
737 645 275
966 886 250
1329 1473 494
419 202 220
664 198 2
284 623 310
649 820 358
1087 299 388
1008 1282 486
1450 609 9
65 403 368
2 871 303
812 349 473
94 872 470
1111 864 240
27 1028 413
1157 762 173
1128 264 195
144 633 166
277 661 153
1438 1053 337
471 827 102
285 860 407
615 1121 18
1084 98 498
649 959 419
732 758 499
880 1224 360
779 442 449
179 1006 292
621 938 301
310 1239 30
942 1117 463
265 552 333
1273 1244 423
511 1197 171
1261 172 30
528 1133 370
418 467 399
909 738 414
397 1489 418
413 104 226
1095 995 121
551 119 365
554 539 13
746 1028 17
441 16 283
144 958 114
856 535 266
498 477 89
1154 329 481
90 71 441
447 495 385
1458 49 241
902 837 381
522 508 68
351 489 2
1326 588 297
636 773 275
10 358 221
1364 724 231
1093 1217 153
338 143 88
459 404 384
257 1121 231
1344 698 444
1119 1235 84
665 424 1
168 421 71
1212 274 497
212 1195 36
239 1315 13
870 297 477
466 1253 209
1105 681 18
424 300 75
364 491 254
607 72 118
682 1198 408
643 624 237
853 1295 353
1272 1434 311
642 538 22
278 753 311
557 785 292
1324 1486 19
1499 1277 363
1293 977 451
1362 1485 294
133 423 415
811 332 253
304 1077 62
157 759 374
1023 28 148
897 137 313
210 1121 270
291 336 457
187 912 432
1203 212 154
232 974 277
989 65 196
855 293 488
647 926 269
922 182 233
93 327 147
965 1260 190
904 847 177
1104 1342 333
886 471 202
473 353 197
1479 858 310
1173 34 335
874 411 65
291 727 90
697 304 160
531 973 266
834 1144 268
485 430 224
754 730 357
153 1164 459
14 46 264
398 287 267
1399 1446 403
701 101 334
414 1498 368
1047 557 76
353 73 95
476 767 331
384 855 101
722 1058 208
1330 33 433
977 559 438
211 859 17
500 368 122
1228 1494 178
1330 31 415
852 378 497
442 372 3
767 667 147
24 222 142
148 1079 364
1468 1487 125
558 49 71
1141 1433 217
337 1466 458
265 260 22
1374 731 462
1453 1353 220
1080 327 293
614 1209 93
499 846 483
890 1246 176
95 849 230
821 1318 21
615 687 351
1394 1234 399
362 190 472
264 78 114
375 476 404
197 221 271
268 253 242
1214 347 17
1111 12 221
1415 743 370
28 391 347
717 869 128
578 1138 351
1434 487 385
204 271 17
1337 614 345
1010 343 403
1296 1339 184
1417 248 448
900 946 186
537 1301 9
1324 68 177
555 529 404
315 16 266
1 1411 157
1437 1169 224
1484 988 314
1173 471 346
1112 1419 368
1391 865 246
1052 1286 56
314 1462 374
71 152 422
718 937 488
347 1218 147
761 64 189
25 1276 446
484 1331 50
871 591 116
369 1 434
90 1287 478
511 943 292
1282 1315 269
97 1061 217
137 737 223
270 981 33
561 969 17
1462 590 483
1418 1097 83
819 946 279
1310 46 203
442 397 417
384 1484 293
1097 692 109
804 348 432
702 256 314
642 1228 169
19 779 470
1474 1043 15
1383 1131 150
1399 148 454
1145 172 265
67 464 261
1357 1248 158
956 191 100
798 1253 10
1451 531 392
456 647 446
714 83 314
710 1485 384
1316 572 275
1268 586 368
1316 488 55
908 499 136
826 380 103
1256 1172 282
1038 813 275
1243 877 269
567 189 461
1269 1484 474
1242 911 285
369 878 153
184 800 344
948 973 338
1185 1140 135
633 255 87
288 422 189
1324 820 28
830 90 82
986 1165 93
1326 1045 352
1257 962 426
1247 1177 259
203 48 425
478 940 253
874 211 464
1389 913 65
401 115 243
643 640 139
20 387 476
438 607 339
114 1004 49
1120 957 160
632 179 363
608 802 37
735 297 438
287 673 405
566 1358 199
1227 1061 263
589 44 495
990 595 396
386 720 285
6 1324 2
1011 1395 175
45 1207 323
140 1198 112
1418 687 255
1472 251 53
1139 932 407
1027 556 293
1136 198 175
843 926 299
324 146 482
561 1005 237
701 449 79
450 615 138
1286 1217 256
1197 469 57
1031 1254 388
1048 1037 412
131 926 128
113 75 88
349 1238 203
1269 15 309
995 1114 98
123 472 222
986 905 168
872 1383 410
411 1108 468
959 434 291
775 1049 23
1107 1389 169
329 798 26
1082 838 406
1203 864 190
453 1073 121
1105 1330 365
920 792 424
643 1215 24
985 139 129
1380 773 207
489 428 136
333 970 158
5 551 271
99 1293 100
321 617 400
888 926 256
638 1228 108
1419 820 383
1299 1180 496
740 603 143
438 1461 345
1471 1333 68
455 93 306
720 1271 128
846 311 256
1349 1198 1
11 664 118
1243 265 84
342 920 136
948 701 87
623 1181 331
135 1485 470
1198 252 9
478 663 139
531 385 233
863 583 233
654 145 139
962 530 393
58 903 137
306 458 19
108 116 305
1268 558 328
1068 408 411
463 888 165
141 110 297
597 35 102
155 697 446
556 599 477
314 1283 99
537 649 133
22 1086 406
382 1442 256
292 375 11
726 172 366
290 855 101
943 1373 116
582 258 435
1250 545 170
1471 1 358
905 874 420
922 1425 108
1463 301 63
502 771 342
617 521 262
1093 1245 486
1291 733 412
515 258 155
953 593 138
791 1194 54
950 1266 103
1004 1107 332
977 287 432
1146 417 20
1219 78 362
295 1315 38
272 722 261
367 1334 74
1000 1251 157
369 1496 88
573 208 473
394 109 328
655 1123 90
1388 701 46
93 245 388
474 958 320
809 1051 471
351 866 393
224 122 245
813 926 216
1193 440 255
587 73 243
239 1480 438
567 32 494
868 52 395
1064 804 29
916 1145 169
893 717 132
17 269 104
24 361 500
474 1226 183
952 156 328
22 331 196
1076 907 72
1075 250 499
1199 174 6
77 1414 57
537 210 38
44 1234 170
1282 1264 436
1109 922 400
94 1229 22
696 598 485
860 305 69
22 110 495
55 354 205
975 738 359
1063 670 325
176 180 66
196 861 356
697 1 175
938 1351 228
1371 419 31
350 1017 476
242 123 360
1486 267 66
315 769 123
105 612 311
813 557 240
225 19 235
867 710 399
924 1446 87
900 142 498
744 1088 67
406 849 71
5 1236 102
909 1267 500
1271 632 55
1114 522 210
1144 769 263
1029 974 348
1166 1370 128
999 1359 471
986 1273 159
264 983 101
289 707 160
1314 428 403
825 184 74
602 1211 416
1428 931 415
559 1365 303
874 470 107
845 134 308
225 839 356
404 698 423
626 245 94
688 135 303
798 738 40
304 260 255
374 151 325
474 329 67
86 1472 107
483 17 30
681 1308 141
1438 1221 448
455 469 281
1374 43 168
1423 1222 114
370 1130 259
856 429 179
261 609 308
531 712 396
717 1484 142
248 1435 302
328 939 14
188 1200 360
506 1024 489
828 656 387
99 374 294
172 377 375
1318 1207 237
1044 1478 225
38 1246 374
1458 51 449
237 553 159
1275 704 43
72 207 409
686 749 428
1048 568 347
1144 440 469
1378 239 36
677 340 154
921 406 89
304 399 84
627 1098 420
1245 1253 182
300 1171 21
590 1059 392
510 201 360
1110 385 87
1006 611 447
125 1480 182
184 600 156
558 1266 454
99 1399 61
1276 1399 483
526 674 142
1406 510 200
268 21 288
1254 459 368
177 199 465
446 927 425
1237 25 424
408 1397 458
1468 28 172
774 358 164
1132 1162 19
1484 226 452
119 1329 388
478 1064 179
1066 1034 500
308 721 115
1126 212 213
1079 992 99
330 1406 488
806 1396 26
332 272 41
399 1235 328
935 1188 436
601 1275 459
1209 713 325
478 477 110
717 1050 477
272 1466 428
1169 1134 445
1225 1045 320
672 1306 345
409 555 369
1338 1335 470
599 130 204
752 147 24
1146 928 205
1472 597 367
402 1411 146
141 527 10
463 167 496
1287 1014 324
748 569 20
70 1041 225
883 687 345
912 426 113
54 1039 111
991 902 429
1361 317 384
1448 1287 38
705 1151 444
959 358 58
585 223 49
986 1112 21
1103 1147 302
1062 493 75
1423 1188 413
912 832 446
123 641 58
1488 1463 145
861 773 1
1237 764 219
672 1131 175
167 623 126
24 546 302
588 99 387
983 918 111
778 1248 495
642 148 64
371 748 36
168 645 290
617 1060 491
638 417 126
937 1377 498
986 1060 198
1015 410 193
69 877 433
321 78 419
374 566 123
1002 98 499
1251 317 14
824 405 464
166 485 420
1422 395 104
232 985 329
441 137 341
1457 1033 118
1334 596 476
1441 918 364
1371 1077 104
969 1450 256
494 42 219
290 56 46
531 793 178
715 457 298
516 717 464
981 404 492
876 705 444
102 888 414
1052 1314 278
1018 634 96
691 281 396
84 1061 440
1490 532 254
5 561 276
1211 1049 295
1426 637 130
1284 630 150
202 1016 255
1336 547 66
1343 617 144
855 272 235
947 928 227
1242 373 250
865 893 440
487 127 278
672 449 31
977 1120 136
701 1212 197
709 1267 412
754 510 95
1150 1134 189
464 1440 439
1191 1084 82
516 939 193
161 1242 339
275 767 70
691 1320 382
319 1282 97
113 1226 37
453 521 249
368 971 65
1115 674 13
176 540 260
826 866 13
15 839 385
1191 1470 282
1445 865 354
490 1263 427
312 967 334
577 666 341
646 574 130
199 940 201
471 398 122
597 1246 346
1 528 320
1196 169 167
772 468 8
392 156 109
301 208 91
251 1014 450
849 296 279
1179 1322 458
357 683 56
544 1039 96
960 327 396
602 1051 403
1161 1078 105
446 848 435
401 884 66
1062 915 144
757 65 458
126 225 235
906 25 287
105 97 247
1230 316 255
746 1082 25
524 169 358
469 1065 84
786 494 51
1432 97 185
1387 98 59
1286 21 242
634 622 344
859 863 423
1309 1174 275
101 183 334
1019 74 174
1378 531 446
1251 1041 33
517 880 44
550 106 313
1395 381 229
1149 769 169
711 141 53
411 1345 65
705 371 198
800 1348 131
1205 1291 89
1496 1218 269
233 1034 436
89 617 90
451 1231 300
342 459 76
666 799 244
964 114 226
259 625 58
1453 1385 166
836 1271 323
1049 966 150
558 421 102
392 631 462
1491 1496 450
686 840 490
1254 1384 70
846 328 291
416 221 269
1065 622 305
37 1076 101
182 1082 477
118 432 104
1052 1109 139
199 903 341
1020 393 494
97 802 380
1046 1025 369
99 1064 280
1278 232 81
432 755 130
1296 204 72
552 1223 257
558 1062 205
13 1235 450
936 556 31
906 170 143
949 1243 422
946 1009 330
1196 1360 204
1414 561 194
908 205 128
1264 578 319
591 3 361
467 1466 324
301 1377 204
895 1208 480
1236 1379 263
541 188 425
752 819 407
796 967 300
1404 220 215
1436 845 390
1495 885 433
150 680 186
849 1078 188
1225 973 259
471 170 214
1425 1273 381
1175 427 329
539 1081 19
1232 1359 203
1267 905 492
418 1017 47
1465 1256 369
667 225 179
836 372 184
125 723 357
98 1365 424
434 1354 68
1092 1045 454
1141 986 90
505 1134 195
516 249 397
1034 1423 27
1189 502 287
579 980 182
1294 628 128
1468 676 19
685 349 130
234 671 431
1022 201 17
1140 1061 372
1261 1307 402
1040 260 157
469 950 212
497 1315 184
1012 991 321
1447 608 349
823 717 174
623 1406 312
1408 633 191
674 567 254
94 539 499
12 727 403
1260 857 428
1100 693 479
1071 736 75
628 981 447
308 899 195
880 300 499
268 524 323
757 1260 139
1192 588 64
569 618 393
429 372 349
631 1305 56
1352 248 151
799 400 248
731 647 55
754 810 456
70 985 387
1290 79 272
518 726 296
693 1043 208
308 1175 30
1113 1287 230
1198 1346 260
1439 1036 37
1492 300 258
782 66 189
923 297 425
1344 1088 282
158 54 28
865 982 378
496 1183 310
721 1326 360
497 699 434
1446 146 133
1177 1142 127
1219 338 342
1409 1193 407
551 577 400
933 84 498
850 202 46
860 242 117
938 1020 72
727 444 481
1105 1002 353
322 1281 375
210 745 234
283 226 308
89 140 466
242 966 105
496 88 353
460 935 308
874 1497 97
686 908 119
1028 169 41
84 1437 488
1280 1472 402
1362 865 494
282 802 378
816 623 371
878 252 303
36 1358 71
187 1407 189
149 1036 443
512 733 110
730 122 26
91 1196 362
1126 672 425
851 602 378
1089 199 475
432 886 31
1451 1235 373
70 1079 94
509 824 287
811 1280 380
382 785 140
721 868 155
617 202 37
882 423 261
632 794 215
333 1395 407
245 1078 205
973 913 136
838 512 470
1474 1318 462
305 1114 385
713 1038 2
1076 686 45
617 715 418
545 1418 107
294 1081 3
474 622 73
658 1411 182
1158 273 18
1165 1077 360
274 941 246
987 142 154
1374 652 280
1186 390 294
1450 270 480
403 639 91
743 770 348
1255 1338 240
1463 1472 197
908 562 341
659 422 188
988 1415 418
597 432 294
616 1072 109
1453 1097 146
1060 195 87
1340 1111 72
138 767 312
904 1280 115
173 506 342
530 160 49
1463 947 488
816 1461 7
1007 451 129
666 157 349
1300 713 406
853 1367 215
1267 366 214
261 1403 210
25 1119 59
1144 1283 455
74 777 472
1440 807 232
1312 671 368
501 684 48
216 84 277
1109 862 389
394 963 384
1235 319 402
1199 361 480
81 1392 293
78 1484 136
1415 1032 177
298 1140 344
202 369 68
65 1022 385
816 1348 405
478 1208 114
1212 268 448
1376 840 471
1001 940 111
611 787 484
310 1496 469
1180 636 494
332 569 290
1467 779 310
926 1247 22
206 914 437
218 1492 19
1213 125 450
5 825 10
958 708 176
315 896 167
103 749 47
221 642 488
638 137 147
500 1254 458
1300 1066 451
259 23 331
522 1099 457
470 281 172
964 4 377
1301 422 149
619 605 6
500 486 494
1473 907 344
23 295 133
751 277 291
432 1090 180
816 1427 184
132 922 378
248 1126 388
1103 798 13
1207 717 96
1448 119 6
141 217 401
243 154 270
597 747 146
972 148 224
1235 1158 264
657 17 459
779 1295 371
730 1465 162
344 628 102
298 912 134
156 251 447
1309 553 34
409 784 335
450 842 22
819 1397 480
483 611 142
586 615 148
319 579 392
895 738 432
626 1091 26
1059 845 195
759 1329 387
772 405 356
245 127 85
1000 639 396
1028 1482 29
737 6 479
1028 1096 403
208 600 479
1463 1234 148
411 687 204
1109 614 21
502 262 156
1404 652 143
919 733 71
195 1223 81
1348 980 87
1109 1271 358
1409 118 197
851 811 133
713 565 12
1154 351 496
388 998 206
1138 176 395
325 284 493
1211 1264 223
325 104 52
527 167 47
598 158 354
390 199 488
624 1352 322
1106 259 418
718 1356 129
691 207 416
92 629 346
283 228 105
1311 718 440
33 1478 210
854 419 353
407 1111 297
1469 131 178
887 72 229
1268 1361 390
884 1208 29
1291 690 344
211 291 33
336 471 235
336 1329 191
1187 1345 89
562 220 282
148 504 172
1481 370 83
1232 1056 372
213 1330 53
135 23 270
219 1321 365
414 737 361
335 48 394
1361 1220 111
329 1178 316
906 654 42
795 1112 281
1158 1484 93
635 1349 328
1440 414 481
576 213 452
625 1471 336
1447 947 28
555 439 458
914 1053 101
959 757 340
1287 691 342
536 51 336
1102 1240 208
1161 676 496
795 1150 167
480 1003 113
725 1092 455
534 313 120
412 1458 190
1030 145 170
929 1045 141
604 401 29
428 1294 257
245 1181 54
1081 183 104
683 977 454
1411 1053 211
1388 1170 198
959 1058 179
143 48 393
1258 349 416
1266 873 310
883 1350 287
26 700 239
154 386 489
325 258 110
1422 276 412
430 1132 304
7 311 6
14 806 319
375 1439 315
363 1001 75
30 1051 286
1167 852 51
189 342 385
567 999 385
556 1404 422
645 1439 210
813 329 195
1114 1229 388
516 1433 412
335 1200 179
473 995 392
252 1492 58
624 1025 250
235 64 423
26 271 39
529 632 482
1047 811 430
823 540 409
838 1103 230
1184 824 426
1377 367 124
147 1364 54
738 201 450
1436 1380 86
1110 761 375
1497 57 122
250 1034 292
1363 47 89
128 833 115
607 563 222
1053 160 123
790 482 370
545 1080 147
1452 186 335
310 122 68
301 470 212
1312 845 366
770 1355 448
811 1036 123
391 545 373
1023 1410 235
160 757 180
1310 528 267
133 429 76
768 1144 46
560 909 283
854 783 244
696 417 254
343 629 28
1247 731 149
80 1129 315
560 324 459
644 101 110
1083 1219 3
946 1209 409
579 290 408
1069 895 193
872 407 37
3 233 364
649 1352 215
706 741 248
1162 337 468
426 728 227
949 652 409
784 693 147
162 1168 222
787 1465 413
237 733 391
1367 1334 263
283 614 6
292 1035 112
1166 705 249
383 610 235
512 1226 452
177 1478 78
1387 136 387
650 222 481
1251 1195 197
147 89 267
578 307 274
1022 1107 244
1016 323 23
450 225 209
214 561 298
209 1171 161
787 841 253
1333 978 465
595 588 116
869 575 423
1390 796 128
1245 1023 444
344 724 34
1261 442 416
147 1498 189
873 1215 253
1264 352 52
10 1174 313
665 844 153
60 161 351
119 1169 357
453 446 426
217 162 361
599 444 157
686 1307 399
326 657 222
226 1013 456
197 584 216
985 6 356
788 1077 48
248 1448 98
417 695 318
823 202 222
122 178 90
206 1056 351
295 120 269
691 14 44
689 108 185
1379 1484 463
726 600 115
341 513 261
1164 1422 246
1015 1444 347
892 1234 463
1335 573 190
777 97 56
1438 492 116
75 949 26
1338 1236 67
301 1141 106
84 916 59
883 644 163
257 393 70
534 242 90
1474 985 88
8 633 488
916 269 78
426 166 50
664 1115 172
846 689 315
731 1202 369
1399 405 54
328 1306 481
1446 1288 300
796 1086 418
721 374 11
722 1365 168
83 448 127
331 435 18
556 1160 407
1156 638 393
421 227 13
389 194 37
1380 888 381
700 1230 129
981 65 326
111 14 11
1165 777 151
819 848 277
1186 50 30
760 386 326
1007 1040 257
33 1284 81
1206 520 369
1056 990 14
1197 693 39
440 653 400
1104 1232 455
1267 394 416
768 158 2
405 28 223
953 119 389
1262 1356 304
323 191 464
1013 1150 443
756 1347 44
309 1100 358
748 1326 222
1454 1348 458
903 255 495
573 1313 366
50 596 10
480 1144 369
719 1499 243
490 610 311
61 792 481
455 463 91
1400 624 321
187 1196 457
1498 75 109
179 602 337
825 1394 445
601 466 377
829 383 466
1183 510 314
525 735 337
490 851 465
459 24 250
1333 8 1
1438 1392 143
100 839 216
1016 716 171
89 1372 485
1001 533 427
546 337 96
863 99 324
1128 939 447
639 682 311
889 1431 374
139 463 479
820 795 423
998 991 165
1457 335 458
267 328 458
1197 118 312
691 617 355
149 361 323
1225 982 272
50 879 100
691 1390 476
1252 1009 440
544 1226 154
348 369 256
152 1382 378
1346 27 408
475 51 474
498 1349 296
1490 711 246
899 1032 420
68 371 282
283 1206 266
1030 593 28
1295 683 190
877 525 348
1148 498 283
1290 1499 32
918 1284 436
253 8 72
1209 215 218
317 1284 57
1280 1460 10
1410 1080 203
794 927 244
392 1446 400
356 997 221
266 519 140
753 488 481
842 1499 287
1049 167 221
271 1175 380
43 1142 205
216 21 167
1022 540 164
1499 755 167
299 811 361
1296 436 331
231 437 283
232 1256 451
1162 484 319
1375 210 286
687 1129 469
1128 389 47
324 449 100
173 35 282
643 786 190
1140 796 61
270 419 193
544 493 86
779 805 274
151 247 496
165 756 152
556 509 398
676 149 415
1120 806 353
806 1391 252
1338 387 117
1206 728 375
536 514 295
506 29 230
214 894 444
127 1369 61
374 1187 5
752 1112 438
1258 848 313
312 917 125
1487 830 111
377 666 277
1352 6 34
1403 1024 239
1470 1041 111
1151 528 88
35 1167 259
89 1475 425
511 914 78
902 1015 42
1393 442 5
385 432 208
102 182 110
1399 39 166
72 399 279
592 512 385
646 1359 39
810 227 172
87 665 377
1482 316 179
143 832 357
146 265 61
599 1186 473
310 1262 91
1493 1141 247
1219 491 479
89 39 122
1462 1426 271
487 129 277
515 808 10
418 1271 112
270 1005 308
792 834 374
1368 451 495
224 830 148
798 129 150
63 246 366
502 1021 59
483 658 478
709 1405 392
444 1500 62
1332 462 161
457 330 492
1012 1026 145
1173 559 264
503 262 175
533 741 385
690 1486 265
254 1105 228
1102 264 35
1147 1388 236
325 433 231
661 719 148
60 283 467
863 854 433
769 2 139
481 907 245
528 1004 249
1215 728 313
1155 1419 455
642 1250 102
1466 180 117
682 171 374
645 635 487
429 1171 125
934 494 340
981 406 456
229 51 70
468 617 167
969 1431 367
582 1167 67
680 1455 267
1352 412 3
337 192 392
1130 739 433
465 323 271
1005 1474 26
1379 884 407
1244 683 414
468 579 434
187 228 446
1403 1387 132
242 802 105
275 286 212
867 823 161
1083 415 215
707 81 316
818 1421 274
772 840 352
1012 977 392
342 247 205
254 279 126
450 1094 387
992 370 172
929 1030 384
17 143 231
771 158 491
1105 934 468
730 484 476
1028 138 153
1417 1460 166
369 1153 401
548 318 461
538 934 164
355 1101 330
319 850 40
650 965 210
131 1432 303
100 272 441
1005 593 231
872 297 495
691 1145 240
548 617 494
1487 123 152
47 1287 117
1156 1089 364
837 1135 300
1311 251 265
253 694 177
990 1161 44
1065 1381 288
1089 325 91
496 1403 377
254 558 398
265 804 241
737 951 35
1116 741 309
529 370 97
1190 827 148
91 225 366
315 378 382
706 1395 269
758 111 287
774 781 460
986 1375 178
114 1153 29
269 997 17
781 463 168
1024 864 171
115 347 61
500 860 251
726 76 499
437 796 31
1419 474 251
1139 216 458
1229 314 114
39 820 260
937 638 109
118 943 474
792 347 60
1052 1161 419
648 901 485
1258 186 125
654 850 131
132 295 411
1368 696 64
1053 356 43
1173 1423 13
827 1194 391
432 1218 157
929 1275 93
855 1317 387
1048 1260 445
388 78 347
923 549 333
329 350 10
740 1305 392
1060 34 284
699 171 33
13 728 280
290 504 186
542 1295 51
1438 607 182
510 1347 30
508 1079 161
1327 1222 344
1382 948 110
407 436 327
753 106 79
1238 376 137
593 1169 421
1492 1233 358
991 61 58
1193 137 394
1288 171 126
1127 747 281
1473 1255 218
325 827 327
909 1492 445
667 791 292
1424 88 250
1375 1010 149
516 645 79
854 1319 103
4 866 228
1392 314 167
1237 1044 222
8 486 303
1252 910 168
715 589 291
1393 41 174
803 243 82
2 799 417
380 1383 452
754 466 383
1048 95 296
184 164 2
84 454 73
1124 374 440
482 1153 297
1210 62 218
986 549 202
808 1309 383
135 354 34
153 989 282
1021 223 326
88 548 239
760 72 44
464 328 35
251 1107 89
959 178 375
236 66 151
169 1386 496
56 991 179
948 865 71
884 373 177
711 451 109
1300 1179 12
593 941 324
444 1090 474
130 1490 268
741 732 330
205 1351 47
1437 784 160
1170 20 126
1121 744 468
1185 221 419
1310 596 495
864 533 298
698 1186 425
1166 1070 348
1124 414 475
937 226 210
659 658 425
1464 401 75
578 1250 147
209 327 195
1111 159 17
1458 834 387
309 1075 184
211 1410 179
92 1261 417
1050 1007 263
1409 591 171
1138 828 216
1394 710 410
682 1470 197
224 535 447
324 1391 70
1308 695 82
1396 871 443
1301 1209 383
566 508 216
1410 221 428
626 1006 320
612 839 235
819 1330 291
1448 1368 407
421 239 385
1244 350 165
468 575 352
1102 164 401
1375 544 117
217 1108 127
1439 929 64
808 1463 456
719 1090 495
1328 681 226
275 1072 225
864 823 256
1412 1215 46
655 193 201
240 1310 35
1467 469 116
737 243 54
1126 925 478
430 833 141
650 1460 406
200 1363 366
1112 429 475
414 984 198
1212 1249 293
1078 728 279
299 599 225
273 1018 281
597 1464 244
545 355 329
212 169 182
204 1184 322
640 457 447
1343 1245 442
1292 888 45
205 250 130
188 1204 212
1381 476 198
1315 1380 220
175 1053 376
47 696 348
839 871 28
1244 1010 15
1462 937 481
11 393 20
238 242 400
1243 697 52
373 671 186
357 653 210
1424 6 16
378 1220 375
1163 1072 456
996 213 292
1066 1244 161
593 1036 279
826 1036 338
267 1028 193
586 785 124
1128 510 233
897 848 259
995 988 250
1245 1295 213
822 368 171
1347 1063 485
1104 1258 31
1047 426 147
231 1399 336
631 87 454
184 492 362
814 450 312
353 852 131
1291 190 280
1247 1487 171
233 1143 254
1079 1387 49
41 1044 330
429 386 21
98 613 142
90 963 107
1320 1374 449
1109 92 453
904 386 397
278 1312 155
942 873 25
420 958 121
393 252 185
332 1050 22
152 1116 37
1246 845 42
859 51 385
455 964 223
1127 782 469
332 745 81
562 123 187
1320 759 146
22 1224 14
1102 987 466
1378 883 21
977 518 332
144 1386 198
773 967 422
369 518 119
851 1374 141
780 691 408
472 689 44
496 1297 479
484 190 433
1327 427 298
410 305 95
1233 413 331
242 578 432
617 651 302
1476 1392 378
528 317 219
761 857 236
1299 483 374
913 597 255
558 1299 241
334 1375 445
551 980 69
1250 281 372
645 1251 89
969 130 487
428 1151 381
196 939 431
678 900 184
1220 1312 403
648 179 413
735 848 484
948 1355 80
936 610 320
760 173 354
20 1173 33
1346 1161 22
672 931 178
1399 632 269
701 437 9
571 469 408
120 747 456
425 1312 437
839 1413 24
600 813 150
456 742 162
630 986 405
857 357 310
486 1068 254
321 221 17
466 943 193
416 353 39
981 1164 65
359 539 199
1340 1060 212
139 688 203
120 629 420
33 959 115
274 1348 165
660 895 210
1054 750 371
825 993 185
766 348 194
1238 1282 109
29 102 389
1419 1081 152
729 1234 112
241 1079 133
821 191 393
435 1132 423
987 34 217
747 264 331
1171 206 364
54 430 42
676 721 495
744 1326 234
967 658 19
1314 387 150
74 3 194
1288 794 170
1363 1354 162
321 1084 35
984 47 132
85 1135 117
893 424 201
155 1033 189
149 160 94
1444 1152 347
191 1108 379
418 782 328
1372 519 147
47 556 124
962 1396 152
195 663 452
1303 327 216
144 463 389
88 333 400
378 115 245
77 1144 51
163 468 143
181 483 144
1090 46 200
541 751 348
789 544 371
1096 309 327
225 458 446
1424 1196 147
404 1281 323
878 283 362
621 568 231
1054 734 148
67 1015 400
1475 108 456
1301 672 158
1056 884 4
486 673 114
608 1022 394
1299 1243 231
304 760 353
957 1499 408
892 1328 353
270 670 149
202 105 351
594 950 363
753 627 204
645 1109 149
1039 84 348
1084 74 92
1486 1204 183
1405 1014 151
259 734 482
1266 780 356
628 513 388
804 1444 120
1103 352 144
72 87 476
1378 793 362
1251 1293 452
1247 307 266
548 1401 33
1456 697 340
1242 74 458
293 1351 328
1391 764 166
1029 977 267
673 288 49
194 66 84
1478 314 256
712 503 123
621 515 124
909 713 472
1143 788 246
1485 146 82
1408 1276 196
1481 1070 231
21 262 485
825 598 170
821 1317 168
1106 495 75
523 1492 82
1047 586 432
232 316 485
1272 1398 342
1444 1308 434
404 126 472
37 717 208
179 777 323
939 1436 481
1476 1087 116
387 1009 18
731 913 116
156 1394 475
870 936 312
1063 1317 26
1367 1398 70
1259 861 459
1199 558 80
1257 1279 276
379 1462 6
827 294 181
106 206 408
943 1126 420
758 277 210
1458 83 209
359 1134 194
1256 296 189
856 1135 433
995 527 192
116 1262 430
1086 662 348
25 808 351
1025 139 211
255 1068 190
303 142 160
1079 247 31
875 695 255
334 194 285
41 1256 435
1321 839 454
531 1176 320
1012 370 197
297 959 357
1427 94 193
1083 1124 437
333 1403 446
1194 173 420
972 631 290
33 327 258
547 1199 266
781 306 400
58 730 168
786 202 163
502 72 434
911 1011 317
1233 390 408
993 1185 241
1134 811 438
449 1006 145
820 542 231
401 1401 323
379 938 136
633 519 246
1435 947 284
1217 1402 355
522 953 157
1362 693 224
916 953 144
1115 973 261
481 1224 414
556 1310 26
735 1060 113
124 90 376
568 1039 493
749 1038 324
660 1026 385
1241 1308 346
634 66 379
1337 178 72
925 642 180
373 418 337
334 391 317
1113 537 421
720 555 327
18 245 388
888 373 228
663 1036 28
66 358 182
209 397 238
321 646 413
1461 1190 216
1259 329 127
1106 625 394
178 11 409
604 121 133
1061 244 456
1328 673 183
991 494 350
1401 1174 56
1488 712 403
9 527 342
1063 21 183
382 1127 421
215 802 456
289 734 361
1353 170 49
223 956 333
1221 1337 275
1419 745 40
1112 1227 446
1418 1099 325
893 700 279
76 1392 223
16 1379 41
530 1256 98
783 610 203
976 1019 214
867 1016 446
1126 27 416
911 863 227
825 760 193
362 126 72
1207 979 349
603 18 54
659 130 293
1353 232 372
972 932 498
549 672 293
185 313 81
396 159 172
713 376 100
1233 976 490
1044 896 61
266 756 224
1308 79 203
441 100 219
1234 865 242
807 1054 260
303 1267 400
638 251 377
193 1160 226
1146 1319 59
420 561 276
932 979 137
966 1479 4
941 122 207
178 522 60
1245 1126 212
1255 1436 339
784 401 89
215 206 358
206 1295 17
1198 280 48
1427 116 22
975 551 93
784 963 335
56 396 352
591 918 385
1465 307 45
1133 1305 1
413 1221 303
735 631 416
836 1397 133
597 989 54
194 436 317
360 434 66
1180 2 13
1211 1397 413
1197 10 245
1029 736 411
481 268 106
1211 676 93
282 1092 288
1427 1041 294
83 152 236
1487 1297 380
1270 214 256
689 529 362
150 709 267
497 358 429
1204 565 170
563 602 87
676 487 185
1347 1384 102
248 7 309
45 768 455
1230 356 95
432 2 28
1312 791 471
1089 449 45
1336 1300 157
629 1201 130
3 997 283
133 1310 456
1112 1151 67
528 1251 331
680 892 456
191 1355 312
835 1391 98
179 1243 95
1279 969 385
1049 171 137
925 567 131
1477 884 328
927 505 250
1192 490 500
171 1156 198
49 1340 217
476 298 347
231 723 210
875 1231 10
1240 820 92
350 1094 219
1208 1484 379
740 1446 171
508 1301 79
1262 921 2
744 377 451
1038 1462 68
1221 1001 311
1355 1304 30
891 72 183
627 657 202
1043 1482 9
280 746 55
1142 778 58
627 56 73
1441 287 93
872 126 193
615 722 498
170 1439 263
1385 665 401
1435 1321 32
694 639 388
486 1171 368
1377 1011 143
9 525 65
29 1472 17
905 34 242
1096 710 469
133 468 277
576 1491 317
913 909 47
131 974 329
1406 1463 482
170 931 393
540 827 358
624 593 308
1181 1175 27
1211 144 411
823 22 79
829 330 310
1013 1317 136
1172 871 287
534 165 486
1009 1400 307
1101 1045 96
606 771 381
728 1256 143
200 158 125
652 106 499
201 567 499
1455 951 259
11 151 30
225 730 242
458 107 463
784 1106 142
698 207 479
671 250 492
967 30 107
1014 979 237
1312 1193 438
66 496 478
1403 1244 7
1201 908 367
443 36 164
1327 456 430
1102 261 259
1269 1219 239
1421 1156 390
653 188 179
286 468 126
1005 1480 184
154 1365 269
312 499 16
814 1393 26
646 1243 152
1316 850 292
1235 752 47
66 1410 169
404 129 428
11 338 222
365 1106 323
1464 1204 116
1375 927 297
1417 39 376
1076 1088 138
1426 150 299
468 988 283
941 831 264
681 307 135
372 1217 493
933 503 7
207 680 414
282 839 100
219 52 116
662 378 363
548 943 378
1182 1054 460
122 1302 439
514 525 36
734 1235 426
17 825 81
80 1267 306
590 706 484
286 767 262
728 881 493
1187 1040 406
57 71 327
460 950 14
1256 633 124
1332 1018 314
304 1489 203
1279 194 143
4 213 322
1067 779 37
1402 408 227
654 1320 24
600 670 308
445 994 21
779 567 356
1223 450 139
891 1375 120
1339 357 136
1017 1114 103
1431 789 115
14 681 92
1209 477 310
1451 1498 145
697 623 140
347 974 1
111 382 222
646 168 17
870 716 145
1131 59 392
1154 507 160
1153 584 207
884 829 24
1431 450 374
102 951 118
496 103 305
446 1122 288
792 1453 6
1112 706 482
268 963 390
184 229 463
381 993 28
295 750 129
1133 147 101
804 758 419
1166 1378 19
983 313 29
1092 1363 447
1284 312 398
1098 252 240
664 602 228
570 173 217
949 240 492
1480 169 392
408 450 27
289 148 112
500 382 432
606 1208 385
755 622 128
1254 460 322
486 741 278
410 1254 221
419 994 280
335 466 69
1074 1059 108
539 7 336
376 988 284
342 106 445
662 1347 202
1190 1476 351
1232 297 118
1165 683 99
334 1157 378
1484 363 35
935 132 491
1416 14 147
25 1216 44
164 1342 255
897 845 267
1116 94 206
328 1419 387
1200 8 286
380 592 121
614 159 449
769 1086 197
425 1344 116
704 1347 20
227 212 153
1331 810 164
615 1060 239
408 628 69
641 833 499
246 1394 257
490 774 464
1407 1242 266
375 441 346
370 144 452
1002 164 387
1060 1338 486
257 41 319
1004 1248 44
324 53 35
446 417 282
731 286 496
69 1374 473
406 14 42
207 697 384
1010 503 233
1022 1391 120
47 819 217
394 812 259
1355 218 499
487 948 142
739 528 215
826 1027 58
650 708 75
174 175 423
654 1210 131
641 1416 353
1418 79 214
923 411 328
1439 1145 291
1498 837 384
560 304 236
858 1020 323
67 338 124
1235 105 261
846 868 70
753 1256 118
1486 77 366
674 444 201
317 1183 371
1179 202 143
1357 38 383
553 1437 274
265 1411 311
84 530 147
681 756 39
676 1204 496
160 190 367
311 310 101
488 797 89
302 269 304
448 1194 24
820 1030 13
1197 239 18
1239 1328 249
865 1272 207
798 1490 365
422 1431 254
1348 45 365
78 836 500
508 674 267
316 393 371
384 406 378
211 812 129
878 831 182
361 1131 261
1442 1146 259
151 76 29
1363 516 54
757 446 446
779 1008 101
584 1160 221
477 1496 258
745 1441 435
510 1065 10
936 898 491
541 682 225
1218 1367 386
800 975 443
1289 806 234
451 1370 413
217 924 466
802 1215 52
831 1255 196
780 310 10
932 383 49
197 1009 364
1425 424 169
1083 580 419
1080 599 213
304 298 478
1290 611 239
673 534 249
823 1006 101
1430 781 480
45 1345 415
405 1102 245
1080 1034 80
616 764 258
1295 1395 71
1035 1296 22
1493 282 130
1366 521 285
63 524 325
1460 208 190
933 1435 178
1392 917 181
207 360 276
1294 413 345
566 1476 44
350 121 304
342 667 156
816 1494 19
492 775 465
729 1024 389
309 1332 491
551 83 188
939 742 228
1178 40 432
178 1391 389
214 824 486
970 233 291
914 379 422
202 1269 183
1240 412 90
749 37 473
504 1435 116
1194 816 468
1317 709 225
760 1317 37
1306 73 107
345 1396 301
499 611 212
1045 1178 291
735 267 283
748 912 119
737 287 474
655 1388 85
1091 285 24
1179 411 430
1091 712 73
715 291 269
523 474 17
174 1245 62
1052 11 84
824 1356 78
235 975 320
482 1129 409
245 123 296
1390 681 344
1466 215 213
493 754 471
991 1203 469
1187 1319 380
165 96 474
1063 909 109
919 1408 31
752 1278 312
211 1133 338
276 488 110
568 1398 40
926 1448 267
571 520 430
739 380 77
1213 998 127
1369 502 364
118 482 49
1043 79 107
264 708 114
1404 864 75
191 65 87
479 1370 8
1378 1290 57
763 760 184
829 1426 284
858 829 93
1424 277 43
249 829 120
1128 488 124
1318 51 206
366 190 433
1061 1108 213
811 320 126
1114 675 159
258 1260 240
154 731 161
629 737 186
1185 332 315
655 1373 162
1134 1405 273
657 126 128
584 977 263
1159 171 109
1124 361 391
931 1229 162
474 657 321
762 1172 196
364 1434 82
788 1267 236
372 901 6
772 1351 118
732 1318 53
593 330 230
372 590 56
62 105 295
945 679 478
475 162 166
718 630 492
1435 783 300
94 1091 15
69 1159 395
1383 309 162
1345 493 15
671 207 54
971 162 21
72 476 106
1134 408 479
1017 1274 494
70 926 226
1211 1412 395
284 804 162
102 833 77
1421 725 464
1133 520 261
1169 936 88
427 842 476
454 500 53
1116 538 439
462 298 126
536 1198 348
484 1440 156
570 1339 402
1307 1162 267
680 440 67
316 558 125
918 1129 410
174 529 177
440 655 438
673 316 187
721 176 178
1439 1049 32
177 1430 208
105 420 267
276 1047 81
1116 420 151
814 10 384
169 108 440
580 97 66
88 355 263
1479 948 454
801 1463 270
1190 191 159
1302 984 360
3 1059 80
1080 500 416
684 740 75
688 666 138
432 180 307
133 1469 393
865 803 133
289 291 353
332 1097 59
682 614 317
225 544 292
723 1378 40
1310 1272 452
536 102 219
312 82 428
1443 1187 210
1070 1341 185
372 889 66
87 652 445
331 233 114
641 1061 91
1101 183 457
1495 1449 327
197 610 495
1257 1324 318
1402 516 356
65 792 8
97 1176 475
500 680 66
557 21 37
1394 480 17
169 1110 442
863 159 165
220 1274 282
416 1345 84
650 1164 154
293 323 115
1007 1252 19
1484 1468 126
378 748 93
1304 1213 283
363 1389 118
106 717 45
1153 1146 153
480 1359 457
746 259 42
1011 477 495
61 115 23
490 665 171
523 66 149
1021 1092 260
282 1052 462
350 630 3
1344 1196 189
568 632 484
1109 652 130
373 270 37
901 1265 133
1136 743 5
714 280 236
1296 1095 338
122 714 364
802 364 328
540 593 211
1077 1449 121
160 1163 22
1255 700 346
536 299 36
1120 611 385
809 766 347
802 1322 397
563 1249 219
1181 972 115
742 694 192
1197 1444 204
1309 868 363
1336 137 81
593 1391 432
142 651 19
112 1100 95
604 635 447
47 625 278
639 1155 230
1081 561 192
460 243 269
206 384 35
161 519 428
763 350 485
208 48 320
598 27 367
