2500 7000
92 1230 456
664 2001 90
105 1377 220
2499 1 297
941 2102 69
1415 379 64
154 541 399
1832 669 208
1168 1357 491
1811 2120 11
1352 547 432
42 1866 306
2163 975 50
1693 2103 50
1047 1664 257
1587 346 455
1706 1821 128
752 113 311
1905 1882 35
617 1393 280
44 899 270
2230 1552 141
2494 1748 486
2459 1277 296
1411 889 124
980 1023 153
2279 2361 428
1271 700 110
1227 106 221
2016 451 193
1028 1962 375
793 88 411
991 1989 31
1691 1085 29
1639 91 393
2340 1221 241
2284 1628 40
40 1853 291
2077 1022 442
271 1835 214
1708 1365 442
2404 463 167
732 438 253
71 131 286
2013 1847 455
2006 1152 175
947 546 127
1940 1075 120
1414 902 17
2304 36 231
472 2495 63
129 536 26
2170 366 128
523 2038 248
2224 2015 205
1100 2087 260
1757 1382 259
1904 184 349
27 2058 6
374 198 413
1531 1475 56
1976 2395 466
1366 2193 168
1335 1441 329
171 1898 203
38 2373 308
557 1829 471
1397 276 498
435 1679 311
1066 953 197
153 1945 331
2090 783 28
280 1034 71
2105 1671 45
338 348 207
619 2240 156
809 2128 466
2214 2450 409
929 117 101
890 1348 343
1276 269 497
171 1346 495
84 1012 27
1014 1413 441
2209 2371 189
2293 862 417
162 1345 46
10 2346 207
2314 2016 73
1993 1249 202
1526 2418 386
2244 1272 468
302 444 129
1384 799 463
2038 718 389
1255 1168 436
2048 54 455
1184 1499 239
2001 2087 344
2035 1881 229
1991 1507 468
39 1159 221
1100 1924 2
20 588 319
1225 223 179
859 1828 432
2384 1072 70
237 149 429
1825 2467 470
2427 515 303
913 2069 252
226 2072 281
132 1283 458
1462 1491 407
138 517 359
2052 1724 197
221 774 485
1522 928 122
165 2478 294
411 1263 359
195 1031 117
1435 731 377
700 708 267
196 2478 182
1196 621 155
704 187 456
413 2239 76
2217 819 93
1316 616 79
1900 2188 117
426 465 485
1950 2257 116
745 2082 221
2409 1227 171
644 593 53
741 1054 161
1388 1089 69
1062 1714 29
2237 2154 128
41 1783 106
1331 2467 476
160 144 242
1520 815 348
1755 1239 264
1829 1440 292
2343 1810 218
953 2395 35
390 1210 490
961 346 133
1828 2111 200
2056 2214 161
2475 397 110
824 34 411
637 910 450
1594 2140 91
647 1377 451
2028 2061 238
1735 1163 479
362 1414 496
100 2061 300
1514 1113 68
2216 628 151
1212 1740 141
1937 1358 333
2414 281 130
234 456 152
1013 1382 78
151 766 4
1736 1655 282
1939 1268 323
386 1706 11
1749 1301 245
1992 941 147
2301 1676 245
1837 2057 317
698 1694 229
1029 799 358
1971 841 396
2165 2044 111
472 2273 4
847 879 404
2277 637 290
2432 341 55
55 1428 230
1864 965 16
1837 458 480
603 1834 376
613 1764 463
579 2340 298
1723 2107 429
29 262 4
2233 2218 234
1457 1905 417
1219 471 68
1288 594 142
89 110 378
2149 507 409
1013 1459 100
133 1242 31
592 1731 203
740 2242 92
700 663 179
1634 1320 129
2406 2403 164
631 388 463
646 1801 325
760 24 319
1490 2204 325
702 1985 56
1331 1546 126
1566 665 150
2075 2396 251
989 846 190
1036 1040 162
1355 707 44
1755 889 429
633 562 191
258 1939 207
1744 1246 456
2441 904 430
754 2447 144
2283 2210 309
223 219 225
695 699 209
506 915 394
717 1493 9
1273 816 322
902 1744 241
2025 569 128
1886 697 318
742 113 94
1928 273 21
451 1538 13
851 927 16
1709 888 236
2431 1454 470
1806 286 60
1631 2481 434
386 236 137
17 585 34
2401 1258 218
1625 1050 40
1533 2403 65
575 1988 463
2196 435 467
1181 901 384
664 417 123
126 699 25
1685 1426 468
184 916 125
2187 313 436
1043 332 89
1686 2318 471
2172 1477 180
2094 352 175
711 2031 183
1333 1936 199
1846 933 97
836 1639 134
899 2157 433
777 534 170
1596 1867 443
1007 31 111
1900 1141 364
966 1062 293
1650 820 363
923 1550 329
1497 2393 26
1195 2368 427
2136 1493 283
1814 1202 485
2180 578 286
186 2173 217
619 1709 253
2329 1308 312
1947 1003 433
1668 1817 368
428 576 357
660 2061 253
1937 130 241
121 1764 79
1387 1578 171
655 305 275
2200 588 430
1942 1909 328
320 188 441
1693 1915 29
24 1130 18
458 1591 341
1230 192 173
567 1665 38
2204 1784 490
2374 1376 380
1833 20 406
869 2447 88
768 1165 43
693 435 486
1419 1030 304
2209 783 19
687 1824 222
2211 1241 171
645 2425 453
2113 220 305
2297 506 379
1428 1386 391
1296 1466 62
1838 806 123
2232 92 475
1836 309 340
1669 1768 117
653 329 250
403 1074 209
157 1806 297
2164 309 236
1521 2403 204
1756 412 238
1209 1819 381
568 2203 354
2373 219 197
2291 2497 220
1372 1301 259
1786 634 25
644 1908 74
42 2297 7
2176 1859 149
1692 747 8
1235 1447 492
2471 2032 474
1084 1572 46
1465 1136 66
1654 701 428
1143 891 469
1890 1533 21
283 1641 355
2353 884 434
1132 1581 23
2349 1154 355
1235 1803 246
29 1995 78
302 1679 394
1258 1782 256
2168 1727 227
1186 127 198
189 544 201
1017 956 129
2101 957 422
2051 463 266
886 49 322
2174 436 384
860 2462 247
960 1868 441
1187 1287 200
1953 853 434
2184 2247 388
1362 519 326
2469 1605 34
2203 857 257
1873 2415 149
53 1067 218
701 811 53
1902 1989 232
1619 415 362
2162 1633 22
1573 1975 203
268 1554 287
1848 1584 2
648 40 367
1968 2368 333
1675 1029 150
1006 54 34
293 349 33
895 1389 55
684 2485 339
1865 475 352
1807 2389 73
978 939 397
236 111 283
1811 994 49
1592 482 51
1635 1514 12
1418 1525 13
1549 644 14
513 1455 294
1034 1972 9
83 636 312
2121 251 18
638 557 189
104 1083 214
1939 295 104
752 9 24
703 2169 55
2296 2464 244
1225 72 5
775 607 387
2026 512 278
2091 923 152
736 2129 208
1049 512 201
541 26 334
966 1550 297
1447 1698 130
1664 1020 137
70 1247 155
1318 2153 76
831 918 129
2304 1885 291
532 2373 243
599 1476 349
1163 1839 240
162 623 154
2112 594 457
1111 291 130
2449 1102 295
929 546 412
596 130 144
1169 2448 341
2227 1102 79
85 1525 317
1507 2224 373
2204 1647 179
563 783 443
1346 753 465
1374 570 255
1877 1534 455
2403 1767 364
544 2344 250
2157 1140 252
1798 624 32
1920 1965 101
199 1955 129
2081 273 453
2342 431 79
53 878 346
1361 1161 448
492 2208 425
1705 103 371
1039 2296 358
205 105 373
2150 25 307
1632 2294 53
459 735 483
2315 1174 221
968 809 196
1484 869 322
971 2166 74
1401 972 304
2278 2034 343
2114 196 331
125 534 191
589 2378 166
2125 895 92
2284 2413 317
612 1341 181
1845 987 333
417 1414 230
2215 454 234
137 586 277
1866 954 42
819 803 312
1204 2165 119
1602 2284 140
2052 258 294
1819 433 41
955 436 482
621 188 123
969 1632 343
2008 930 367
25 2340 338
879 783 75
2464 95 257
2149 152 26
336 349 377
2290 1996 465
1952 1437 449
99 1846 26
797 1203 226
1580 1398 386
274 2074 75
2326 99 171
1105 316 183
1596 48 302
1131 778 168
769 1050 178
533 1770 345
658 1009 43
1778 1791 356
992 869 355
828 1238 269
1635 642 181
901 925 108
1933 84 102
881 638 177
1727 758 420
970 1113 303
43 1449 74
1149 339 452
126 777 484
152 251 145
185 1980 49
2345 771 439
1317 2260 215
82 2358 8
823 14 356
2456 1021 329
208 1149 140
1015 2133 255
2101 760 282
2420 753 269
1871 2193 84
1995 1780 20
1781 782 67
1826 794 81
6 1897 110
1041 2157 369
834 2345 241
1399 2109 429
2093 274 407
1386 324 129
2228 592 399
1684 1560 157
453 1915 50
637 1708 436
966 546 113
1733 139 31
1971 1508 85
2023 219 293
1046 23 492
1485 1807 72
1090 2160 261
1830 2296 394
980 2334 386
334 504 389
779 1287 334
1197 979 182
1134 1199 145
451 1239 326
7 2091 470
2198 1177 270
1655 2285 307
58 484 134
565 2164 406
1187 1330 189
953 1293 436
2443 1436 45
2029 93 11
2365 1375 69
300 1844 200
465 986 334
2077 1072 239
547 95 9
2256 1297 59
468 1444 132
422 1948 63
1782 1380 497
2346 359 114
262 465 259
633 638 435
1353 1322 71
87 1646 127
1971 1621 371
1843 1686 450
483 1672 80
200 1376 304
187 384 428
1586 2443 341
2162 587 238
1117 783 204
462 1622 190
1057 1013 382
295 379 307
1327 1060 26
246 362 299
1078 370 447
2116 7 306
320 406 342
75 737 307
2386 2015 171
1213 2451 481
303 715 18
879 1302 44
1125 2324 159
478 2120 255
2408 1958 261
1812 1032 107
1455 581 397
1872 1017 248
1782 98 185
539 1219 466
979 163 391
811 2012 206
1966 602 274
1562 1151 211
994 1767 88
1347 15 172
1273 362 73
2273 757 51
754 1221 31
666 1083 469
1205 2134 275
880 1838 387
775 2476 309
49 1241 429
1308 1633 443
2085 1058 227
986 356 184
917 408 124
166 2379 277
1052 1241 168
1609 1180 228
1680 1335 33
1564 838 204
1390 1388 104
255 1630 137
876 727 156
1057 69 289
2063 590 331
972 1292 6
895 319 92
904 247 182
2498 2437 13
699 2388 225
1889 158 133
1915 1395 390
1735 2152 401
731 682 214
146 889 93
247 456 206
1219 1246 84
2495 365 52
2340 1222 230
2172 1608 256
1278 2480 251
2389 836 418
2495 2196 381
1367 2388 70
810 9 210
329 1846 451
1402 1209 227
2009 266 393
655 1149 406
774 364 321
2190 901 404
726 429 114
810 1081 276
1873 805 231
540 788 404
42 1384 393
1786 2466 30
509 655 273
1204 1717 382
931 930 77
872 1464 50
1646 260 95
183 1940 389
1671 357 91
1841 1768 389
1553 1776 69
1933 1749 477
1059 499 331
22 1900 302
180 1030 405
1919 299 442
2461 157 476
712 1223 332
207 1316 381
2195 1640 123
1934 2421 266
1722 893 28
806 1815 199
1755 1094 66
571 373 73
1415 1012 138
2036 710 363
1387 1758 186
982 648 112
1318 1451 422
48 1418 421
677 486 218
475 982 283
760 2430 2
1342 2006 390
2333 1001 185
964 1911 81
1260 539 255
100 1212 247
2001 2118 73
277 1809 225
1521 1728 496
1738 1492 163
14 2249 408
1960 1201 120
2010 2045 309
1342 1356 477
1817 385 160
2281 1185 227
1917 595 244
777 1972 107
268 1325 98
520 200 400
184 1121 485
1046 651 269
603 2326 426
112 302 326
1508 1503 425
597 1194 429
1974 101 457
1178 2028 409
2391 76 388
1579 680 269
2137 1855 187
1669 1663 297
482 572 254
1362 354 250
916 1689 286
2461 630 23
2095 2246 94
2305 2160 44
255 191 118
1673 1361 32
1327 1379 484
640 1071 478
955 1735 455
1859 415 20
1110 276 234
1514 1468 44
1585 2401 273
582 1889 192
2113 1549 85
2262 1194 239
822 1003 199
562 1601 189
2161 2110 409
1606 1264 316
949 751 154
590 908 393
1632 1180 429
1931 1661 171
2145 396 274
16 7 459
1605 767 12
2160 824 193
943 1933 462
1939 18 233
1127 136 397
1239 502 248
1303 1998 452
2265 1399 203
1604 2102 257
1164 931 275
2497 2276 56
2108 382 179
1026 725 455
660 924 34
2342 1484 134
2282 1170 292
1047 890 423
2082 170 467
683 2275 196
583 1023 253
2470 2120 54
871 199 193
953 1817 265
1774 2140 391
1985 1510 420
503 2203 420
2394 2219 199
1507 2107 135
1160 689 260
363 1483 441
1651 997 344
1852 2434 364
2403 1609 225
1909 261 264
2223 537 296
1373 897 51
2088 1716 489
2183 2319 284
2176 1268 96
1805 670 73
1920 2126 491
1510 105 274
1723 2265 18
1297 1265 32
138 1587 487
2242 456 281
825 1664 140
1843 1132 44
1680 1917 285
1630 749 225
442 2283 250
1204 64 484
1137 2428 223
320 810 317
121 2108 85
334 2241 274
1015 711 395
2152 2043 477
523 895 108
830 1535 151
1455 1062 396
224 899 96
1001 1654 157
88 1798 165
793 849 410
643 1620 407
1549 1866 272
1027 707 409
277 762 189
1219 1541 459
2165 1570 418
663 340 93
2470 842 335
2336 1211 36
33 130 433
193 460 113
1597 1172 498
2177 207 445
770 2406 458
78 2343 392
434 1199 20
1208 2406 418
408 2477 319
370 2049 354
2449 1017 375
1209 2409 500
2470 2144 466
1466 1968 260
1748 105 232
124 266 308
24 2291 458
2228 1156 428
55 681 459
2464 482 459
1457 113 349
1554 2457 322
80 1811 281
106 2013 397
1097 130 307
426 1612 389
481 609 65
1183 1735 180
1732 1370 29
509 1407 498
247 243 319
96 2225 402
2471 1119 96
1518 2409 179
584 1808 310
1999 780 22
875 1040 447
569 2017 264
64 1472 317
1022 2128 34
1192 1488 82
8 768 27
220 1016 400
1110 2212 133
1741 1353 129
781 1026 471
1475 1319 356
990 1108 316
493 1926 497
1943 654 149
1484 552 244
269 1403 127
844 514 77
430 1717 266
240 1288 305
1202 1963 398
987 79 184
1133 1532 469
8 1946 361
722 1802 287
2092 1326 26
1167 48 106
879 1592 494
406 874 70
685 1024 368
1466 74 73
430 944 157
2086 1148 170
323 1016 488
58 2012 167
1159 546 422
441 48 146
1350 457 124
782 1307 130
2482 941 93
1443 1072 309
1624 1627 10
1779 1793 381
857 2217 216
2447 254 490
899 1402 500
1654 1273 427
1715 2334 418
677 167 431
242 1427 177
746 1253 47
240 1771 206
67 1747 158
443 314 216
681 2447 123
2348 580 425
1530 705 161
752 1527 184
1507 1812 79
57 2121 472
812 531 159
1500 2252 476
233 213 409
17 1415 410
1131 346 127
1822 1019 140
404 1859 119
2138 1935 305
1029 1049 481
1579 2141 56
2361 2005 417
948 1658 426
2207 1869 122
408 1249 28
44 1023 40
885 2167 50
1619 2336 8
384 93 76
2306 281 302
936 2004 327
1266 574 439
1756 846 200
1656 417 183
453 560 500
1192 588 350
1901 1675 83
605 1558 452
470 475 317
841 1313 112
710 1489 300
1863 2421 54
1305 834 85
1320 2087 105
1110 1952 445
1213 69 189
1105 105 385
602 511 60
1603 1393 180
820 2425 214
2291 655 492
1546 1465 84
2481 1533 359
112 1957 334
1814 1657 208
643 850 442
1602 969 283
1549 642 276
2348 2042 356
594 1201 368
770 956 468
549 434 10
1318 657 186
160 59 455
1012 1465 379
467 2396 347
1046 387 227
2071 1927 461
1097 1886 64
909 391 251
1297 2143 433
1972 486 31
1253 424 81
1347 1973 51
713 2436 493
563 383 465
1157 852 435
380 1213 79
207 2322 466
11 806 410
2460 1909 368
905 24 397
699 456 305
2412 1573 153
1533 516 77
1443 2089 294
491 1777 457
339 1828 69
4 425 92
2385 1684 463
2438 645 384
620 2414 454
2443 259 449
70 1317 178
946 45 119
1297 1122 288
1896 402 233
1304 1360 451
556 1025 183
1050 651 368
16 911 4
601 1231 14
695 2021 345
1015 1487 467
461 1435 184
261 738 329
502 634 344
2137 1439 182
2115 492 365
1101 439 473
551 1263 481
485 2068 352
2136 1769 143
111 875 352
84 1596 282
974 871 242
1387 441 389
2498 1312 369
1071 1014 66
695 1982 377
1440 1990 23
996 624 284
374 2124 448
2372 486 232
1773 2046 158
793 232 400
155 1504 158
2191 1597 249
2082 1438 159
1178 44 486
83 445 189
1977 1133 65
2244 2025 346
462 2119 355
1784 1128 266
141 144 14
1902 92 285
459 862 498
463 1177 311
1834 1026 52
174 456 328
2089 1366 391
1812 1403 434
394 2428 66
739 2099 429
243 570 74
2426 299 293
1510 571 59
1836 1775 235
122 1794 23
2400 449 67
1386 1057 408
524 1660 287
1214 809 2
976 255 347
955 2182 96
1998 1708 68
843 1045 426
730 1491 475
100 181 118
272 816 305
2489 2164 222
1326 1160 391
362 1424 170
1010 121 99
1703 2117 160
1097 604 314
2068 386 463
436 1121 203
1948 1896 208
446 2475 88
1570 1365 492
357 871 443
1683 334 51
114 1179 165
1952 83 200
830 956 100
1259 2109 409
1108 2059 193
490 1368 358
2310 263 460
966 2263 452
2000 1281 401
402 1360 474
2362 662 385
1456 497 158
2434 1391 441
1169 177 485
464 1879 483
651 606 205
903 1849 114
1394 2337 412
1188 1174 302
1953 4 41
1317 1112 390
604 1561 383
1683 2063 370
76 1583 166
2418 2246 250
54 937 147
2216 1715 46
125 1068 388
903 518 432
992 855 36
1167 714 431
1067 2475 399
1067 1110 226
152 1329 139
1259 1360 473
206 364 475
2079 842 362
1315 139 53
1883 2193 204
2115 2203 11
1879 98 414
1541 1604 157
581 1349 193
526 83 104
2461 351 346
2242 1632 32
226 1805 306
1081 97 345
889 2043 331
490 463 417
580 2074 194
1943 1560 300
1885 823 79
2066 528 58
73 1063 368
70 2163 80
442 2165 243
940 1388 132
1112 189 300
2201 2210 314
655 1458 88
1409 149 111
1910 1469 111
2125 1713 473
1992 1300 237
530 1097 306
1903 223 123
1745 919 169
1619 2115 472
1544 475 176
69 201 438
2424 2122 217
226 841 328
1916 1993 475
636 1038 374
114 139 272
180 424 434
2294 155 416
944 1011 237
2002 916 417
2352 584 487
1811 1219 392
219 813 10
218 1433 239
1530 709 140
1041 1524 405
1366 1145 365
2408 727 265
2386 1861 367
1842 1932 420
325 93 466
1044 1830 37
550 985 322
1058 1346 454
369 432 368
210 2460 75
1396 2241 67
237 1080 325
1698 1384 32
662 695 271
1339 83 219
935 2417 377
222 1662 271
2253 1052 318
2480 69 305
1682 1902 251
437 1739 4
1498 341 333
1737 1937 369
2176 1069 241
222 2065 114
321 1025 119
1174 212 80
1667 1866 94
2365 1079 226
1087 2165 106
243 992 51
749 2234 251
385 1608 464
1282 701 48
1645 455 304
688 56 87
1312 1365 499
1607 808 191
71 761 428
100 495 463
932 979 185
2445 957 365
2265 82 382
1435 1337 93
2033 613 168
2396 1518 32
951 720 55
1170 757 162
1137 838 70
162 1281 186
262 1962 347
1809 503 242
1951 1856 144
1073 809 345
1648 650 339
1633 1951 196
2268 1382 66
878 1371 145
2180 2447 19
1104 263 21
1106 720 69
2280 405 461
2189 366 238
1338 1253 45
1861 334 137
425 1271 382
564 2186 177
1485 1617 407
1551 1143 297
1996 468 182
999 1986 488
630 627 153
663 2029 147
2459 894 237
1535 554 99
1558 297 437
1122 1408 484
1703 661 286
500 437 224
862 1466 155
1250 1459 108
1752 1926 389
1640 553 165
1040 2301 475
938 1991 302
624 767 102
2262 2131 56
374 752 87
1198 388 364
554 1961 48
2185 1698 157
2251 2372 440
1286 47 448
1651 478 407
524 1795 227
2383 1930 86
436 745 422
1768 412 451
970 1146 481
1287 35 126
1512 989 476
173 1506 499
1249 1022 344
1935 1223 393
730 280 134
2346 560 474
627 1473 435
2427 647 261
439 894 112
960 2269 211
94 447 458
551 2233 98
1136 1642 221
822 2053 458
1933 2493 306
1698 2400 482
878 2170 201
1785 2115 17
723 2381 256
1728 713 344
1304 1317 33
1659 1061 380
1678 260 412
12 1178 52
737 1302 218
1368 1346 397
343 905 261
122 1293 330
2353 2078 184
1515 2124 99
1408 1816 390
2420 2097 28
989 2163 369
1182 1490 406
766 1275 359
230 711 170
513 1274 393
440 964 91
2141 1580 316
602 1748 402
246 623 399
698 2088 496
708 168 49
205 2461 357
1013 1743 40
444 59 50
410 90 32
2188 1236 263
2079 1851 282
1314 1661 241
846 1671 431
2030 1253 15
982 254 8
1316 458 49
906 549 418
1175 1075 96
1619 883 452
1753 1346 391
1002 1170 411
1021 1121 282
2336 1612 394
1570 895 98
1602 1027 179
525 1888 95
536 87 24
990 932 247
361 420 189
892 1734 92
728 1100 5
1845 1904 229
660 1966 44
955 2488 199
1297 2110 410
1033 1580 141
883 251 314
1720 235 415
1004 697 101
2427 97 53
286 2201 438
922 2076 323
337 184 433
1087 318 276
440 1778 366
1235 741 267
1572 523 283
2342 196 462
1023 2066 178
1464 1251 48
1580 2387 474
752 2027 429
2458 1493 239
173 1874 137
909 2173 314
1146 541 147
759 999 336
358 1591 121
1459 1840 204
149 2217 141
1179 1298 477
1225 1689 119
36 853 381
131 1706 224
2217 807 362
2473 2086 264
635 1301 156
2202 1575 190
1991 620 323
1687 1426 109
1409 1022 237
2314 2342 479
1762 1372 332
2123 1020 401
509 482 24
330 2208 396
1216 712 99
1762 2296 388
1286 2063 418
1831 1879 421
437 2197 103
1522 1494 352
1792 1070 251
1429 1004 95
535 2015 60
2365 729 407
2344 163 112
154 2330 376
2036 768 185
878 1490 294
1360 1965 86
1563 135 325
2464 1556 429
997 1383 100
1467 1015 498
376 2216 108
2059 2204 81
849 1166 178
1327 530 134
2328 315 34
1538 204 173
859 2015 161
1632 2472 112
1885 2457 72
682 2238 358
1365 2269 474
2401 484 110
1430 561 227
2183 2187 499
192 2183 18
477 2056 343
342 99 384
1505 685 479
1734 1923 225
2487 2151 272
1162 2140 16
584 2415 18
2351 1310 492
1713 31 253
2243 2394 107
572 295 226
699 2203 376
1094 1935 365
1293 1619 7
755 2042 4
1635 1109 234
730 1804 467
1392 1308 340
2151 2072 459
1159 1845 488
235 2098 55
1619 411 75
1295 862 485
1916 1037 150
985 1688 257
2193 704 235
1213 1244 372
1458 87 288
686 396 225
1084 1011 167
716 1955 119
33 1954 418
2171 2064 315
2172 1277 312
531 423 33
528 490 350
1618 2244 472
1025 2333 401
2130 37 477
1273 1724 413
336 2305 265
2295 1549 325
188 1891 367
403 1908 333
309 150 418
250 1010 279
1229 644 186
961 2338 109
138 2022 197
993 377 274
904 1715 427
1255 411 282
1938 2465 44
940 2419 59
1664 1494 170
2 673 269
1189 50 233
2221 2294 34
2363 1568 66
1563 2373 61
2489 1544 122
1381 1336 393
1488 2002 338
1721 1572 3
1270 624 161
887 1515 289
534 1393 97
448 480 183
927 155 200
1405 2226 270
1188 69 93
2205 1796 41
334 2253 311
5 208 209
1955 221 388
2191 2153 400
2177 1669 104
1698 55 205
1357 683 251
2293 1295 434
2177 1011 428
197 1574 260
1215 325 21
2301 180 349
612 286 477
738 998 475
882 2237 395
1653 355 104
1370 286 4
1029 1766 263
1465 2397 76
1384 1287 245
1492 221 232
66 1718 428
38 554 327
923 218 237
348 656 34
1293 1782 58
1519 926 179
1278 777 381
1220 1889 91
579 1299 151
179 364 314
413 29 136
73 1491 119
2458 1233 101
358 68 245
1307 2051 246
626 982 232
1790 2105 233
1712 18 196
344 651 232
2013 1963 267
2327 1113 239
2160 1411 185
737 66 15
653 1147 177
1849 718 194
2248 1962 86
600 694 54
297 399 329
610 1918 75
959 1343 411
1437 127 62
2405 2147 472
1431 19 110
2240 2071 480
1397 1287 241
1355 2052 229
1394 767 365
2169 2011 195
1649 864 139
1287 110 426
1674 1976 152
1319 277 345
862 1912 311
1222 214 483
1552 2353 35
1864 1336 267
502 1046 113
608 39 58
1529 1226 318
965 246 343
1486 2028 183
1413 44 387
1408 961 187
2298 1636 39
2118 1820 310
2481 2290 453
229 1322 98
2163 1045 494
2236 1787 175
1379 1707 68
1691 1033 122
1072 871 253
549 19 170
690 2470 473
690 434 281
1527 2247 16
2397 160 22
1413 1319 332
1500 680 308
653 255 165
470 2254 85
678 1642 4
438 517 460
191 1205 412
2139 2149 297
1430 1127 293
686 981 476
2426 1817 224
1378 1681 412
867 2453 285
2307 585 497
353 1430 273
2322 1259 356
1784 68 291
467 1074 399
1638 17 39
1741 556 266
576 656 292
1419 1926 109
126 563 322
1917 177 144
430 1336 146
2040 1455 179
713 1064 391
2290 2423 69
605 1033 48
145 102 134
2205 1052 374
108 896 172
2020 511 495
2357 294 488
1587 314 53
2461 362 156
768 1040 270
508 1662 41
2443 2206 500
834 1623 446
2179 246 309
924 1355 84
1408 1388 457
1345 2100 88
903 1264 405
100 758 314
1711 2370 359
582 1166 134
248 1325 84
1000 736 441
1903 1225 121
982 1455 418
2406 113 167
1614 1554 233
702 1130 372
1659 1625 256
676 1959 355
125 1820 487
506 2127 58
2378 1900 385
1893 1306 28
2483 805 137
1142 1653 56
1838 1504 404
1811 2222 275
1749 1638 361
1034 804 195
1190 401 255
384 1754 188
638 1487 401
1288 2418 422
2157 970 231
399 2435 88
907 973 143
425 312 55
592 245 327
1240 1172 287
1273 1960 429
2209 1674 191
1456 749 325
260 1681 469
1543 2487 267
1534 1480 58
2297 2260 270
1732 1725 229
1595 1371 16
1286 2101 163
138 1106 391
1943 2327 50
1187 984 215
2254 1614 356
1542 38 324
857 2255 390
2477 1730 70
537 1759 317
127 12 316
2366 2361 488
926 2227 150
2310 2158 68
2197 682 486
720 1926 401
1134 1244 129
1342 1409 208
1017 1740 207
2388 2298 285
2206 585 169
42 1205 172
387 2421 48
1463 2109 283
2309 2353 278
1576 347 190
2333 723 53
452 353 179
1333 2123 262
686 158 296
649 1583 98
836 447 115
296 2447 87
2375 1293 7
1262 45 86
2005 1470 420
1433 2131 189
281 2471 31
518 2328 21
2327 1741 362
554 1437 292
959 2277 205
1674 359 95
1869 2111 353
2378 1404 401
2144 2427 358
405 2082 261
151 1361 38
1528 1557 124
1748 249 184
2018 498 122
2124 786 389
933 273 337
2270 2072 142
2274 271 139
1374 130 497
2313 1164 72
682 2236 33
1457 1021 331
1596 1564 349
1377 1733 470
696 2024 156
2352 870 147
259 1201 176
1240 495 349
65 532 240
330 1850 192
1041 1726 252
1076 1166 201
2324 2494 37
2193 1826 421
1618 1784 351
2262 894 441
272 619 24
376 702 78
1180 1506 119
97 1503 192
2016 2283 54
480 1345 461
1381 2058 406
2363 995 296
1983 1516 196
1424 2227 5
186 1897 488
1400 336 252
1106 1036 472
1376 497 297
2070 1256 443
240 1101 408
2423 1085 151
340 791 290
1872 84 180
884 1659 434
152 1425 171
1492 1358 432
1834 565 213
832 1403 252
515 645 222
1803 1108 253
566 1249 435
1830 551 169
603 2097 132
1429 1653 399
874 2135 286
233 1245 463
1939 969 103
1521 1180 191
799 852 401
2077 1147 228
2353 19 125
932 546 166
638 447 298
375 2228 167
159 1522 350
194 1389 307
97 169 233
2460 2098 482
1993 537 273
594 403 381
940 667 356
166 1209 87
830 447 267
1617 1164 183
1868 2027 168
1368 770 56
1053 329 439
470 694 401
915 2048 242
334 164 322
2450 1197 338
373 1624 362
310 1233 421
1113 1275 240
1553 2086 51
1932 797 103
2191 1708 470
2220 238 83
24 712 60
629 614 245
866 1539 416
2284 2484 373
2264 1278 141
1086 1557 262
1870 2114 453
1884 338 270
1951 849 77
950 1396 332
2255 1223 377
897 943 219
1824 1707 67
1677 662 291
1126 1007 450
1287 1242 290
2500 2340 131
389 1416 113
1008 1286 176
2011 2263 430
419 1093 6
2230 1316 79
1116 1354 262
1125 1944 400
729 218 494
2392 1953 33
1872 1186 225
1149 83 221
291 80 402
723 810 185
29 805 496
1362 798 409
1425 1503 272
1844 2307 405
1429 2461 175
917 650 491
877 128 352
274 2388 107
1121 380 96
563 579 449
331 515 260
1274 145 5
1695 954 235
533 511 119
2243 2227 49
1647 1206 164
2066 1044 158
688 2025 480
1861 291 14
648 844 72
2464 65 437
2069 1516 117
1451 656 54
796 728 153
2340 846 418
2205 1553 334
277 14 123
603 1564 333
1492 1430 500
1824 2241 117
1684 2392 397
2062 1343 230
764 2195 135
652 487 20
599 966 139
2042 1012 489
2444 1898 59
217 2341 301
463 1918 376
1675 841 24
2155 2189 363
1007 349 128
1908 1075 345
2375 1711 100
1397 1340 260
1430 198 265
537 701 55
572 1138 103
915 2277 323
36 94 160
1172 1289 212
1082 2424 172
208 1380 478
960 1007 337
1297 1346 177
1003 71 119
246 354 373
195 937 356
1349 1625 413
752 1908 247
318 327 193
604 1811 56
1781 1613 227
2093 2112 397
905 842 108
968 1778 78
377 730 86
1990 696 367
471 2336 244
622 277 488
1082 687 11
979 856 109
28 1681 409
1860 1146 7
854 1554 67
693 2156 52
677 2399 200
1847 960 403
1783 47 25
2370 1323 252
1925 99 309
1119 1626 413
793 1332 9
75 1115 342
1693 1290 392
2378 1198 470
1588 880 338
2428 549 406
1520 1096 8
1834 2490 169
2034 93 345
1937 618 385
2174 1787 120
117 1107 165
845 1795 190
2235 1202 279
1642 601 350
544 1784 89
880 1426 59
2153 2312 331
283 910 309
1311 702 201
671 2291 424
756 902 195
821 192 302
2422 2416 365
1672 2479 382
1559 1485 338
1795 2196 134
2352 1741 471
1968 1611 111
695 1528 188
2067 2367 394
1382 2167 100
1417 687 17
171 1094 433
973 1401 174
2055 1079 91
137 1556 445
1531 929 213
1905 1489 114
1482 2439 58
1019 1164 421
991 613 438
2220 796 163
29 1239 466
857 502 454
1685 1761 238
996 294 282
232 23 34
871 2154 300
2423 224 23
754 1727 363
729 348 174
2186 743 191
283 582 349
1904 717 131
2114 742 28
3 614 342
271 1693 132
1920 2107 10
1714 277 106
1297 784 69
821 1050 293
2375 826 372
84 2175 393
1836 55 336
1109 2449 381
1745 1895 349
885 929 474
2276 797 241
2012 848 244
133 1609 4
583 2188 424
2326 2354 171
1406 190 218
1328 387 32
1514 1034 173
781 2027 397
720 36 108
244 131 4
734 389 277
1404 1287 35
2120 779 442
670 512 113
794 7 411
298 2138 296
720 1529 375
870 950 360
2440 115 94
478 1727 183
1551 949 189
2054 1552 73
2436 60 335
1957 1650 331
794 321 118
2136 2191 415
1873 2280 44
369 2443 358
1790 287 47
650 1269 41
1538 1783 49
1480 1408 416
1687 273 439
692 1763 134
1238 816 369
36 181 378
1101 2129 158
1975 1635 307
1175 1683 163
492 2209 236
694 2339 225
1684 289 99
644 2216 457
1367 664 54
2491 2310 237
1221 765 100
461 1496 78
324 728 363
1270 1779 314
2408 241 241
1094 1401 11
1634 323 5
1248 1644 117
1414 1567 435
1295 1143 384
2049 110 469
1706 1800 284
1394 2333 252
2054 2220 80
2009 1559 499
1078 628 70
930 527 241
953 703 409
977 783 297
880 1737 207
2398 885 479
666 1241 113
1603 2135 117
194 1461 345
1811 1698 97
157 1564 240
2119 2009 131
471 316 427
1142 104 368
906 1178 492
785 861 132
1714 2096 109
741 1530 231
1350 2117 461
635 349 424
879 1663 245
1156 139 204
1786 371 273
107 1873 361
710 380 145
1088 2391 271
1301 1564 171
2192 2451 196
999 1583 349
1485 1819 486
2478 1906 343
1007 2347 163
1193 2013 14
739 2020 470
2039 1040 378
444 2237 120
726 872 227
2055 101 196
404 2090 422
2311 2476 490
191 1631 452
361 238 414
839 1148 172
1469 273 114
2497 2013 292
464 1108 290
350 890 144
1710 1727 104
159 1098 451
2468 698 211
2390 735 349
2480 2190 383
373 1846 448
1084 1619 132
1915 2437 147
1792 1390 129
176 1013 424
1805 1149 126
1436 388 277
1687 2314 362
1120 1099 140
37 110 10
653 1158 251
252 1792 314
391 858 296
636 878 115
1171 1634 171
1273 635 494
942 1409 416
2223 236 424
679 1095 138
2239 894 84
333 566 1
2326 1036 297
1837 1127 387
1603 703 394
2258 1702 132
24 1493 330
2394 144 454
2061 1309 64
2359 2259 239
1516 1170 344
708 1971 190
1859 1130 88
857 1091 440
1647 87 155
1502 955 248
1757 2084 410
1816 276 386
1699 2474 72
2184 740 478
1818 957 497
328 1840 454
167 1898 92
1708 1399 233
464 2309 441
2247 1366 451
1089 1075 433
1765 653 434
1303 1495 165
1520 1876 388
2290 1542 216
499 1164 347
104 2159 83
1252 411 138
1776 380 422
504 985 472
1492 155 281
787 596 225
949 1378 168
1377 1032 274
91 2463 359
2274 508 299
672 1927 265
204 1735 324
1219 830 223
1211 995 240
1092 105 49
2113 886 469
2099 1441 133
260 189 156
1584 2343 352
531 1230 442
2012 30 499
464 629 89
1549 767 55
622 2267 297
1890 586 54
1106 1690 403
1937 1328 207
437 1485 5
359 460 94
764 1938 338
1864 663 411
332 2078 247
2454 1202 123
776 2257 431
729 638 263
694 1230 212
2361 2031 33
732 2203 161
658 580 163
688 2161 268
1883 978 129
1060 1953 117
132 2490 478
747 1429 323
260 604 184
1663 1253 140
1193 1470 380
1779 1828 14
514 145 212
1533 1451 173
1107 1747 202
2203 1496 69
2254 1033 446
1412 159 119
1848 2496 100
263 2233 262
1450 2316 387
204 893 393
430 1701 90
576 1578 153
1944 519 77
290 1055 351
2114 1974 226
2195 1291 46
632 2496 400
892 1145 494
36 1954 389
269 1163 355
1614 661 276
1713 2326 459
365 1111 159
1870 441 411
1622 1644 38
1800 1917 492
1964 966 17
1744 1512 150
1827 158 472
484 1358 133
2245 2334 121
2305 1058 399
297 1186 89
1087 1211 265
627 520 263
1660 2465 418
671 316 284
831 417 48
2252 2027 178
583 213 494
326 1926 34
2205 292 83
1491 570 65
1537 1368 74
1815 54 319
25 2054 361
2462 1245 164
991 632 302
1582 1748 98
786 1599 333
724 819 475
289 570 5
1138 2457 48
2198 405 144
2037 1375 485
1319 723 457
788 1028 42
1739 2441 149
376 198 47
267 432 235
1016 1012 493
1223 1938 214
300 1349 199
1425 760 183
2309 490 494
1838 1100 381
2110 1276 471
2364 821 442
2376 2121 139
499 2260 418
510 2030 226
1923 1995 167
1099 2312 45
1701 418 456
1648 1854 449
1949 352 124
1640 2028 198
174 60 195
858 1438 142
2013 2373 113
885 634 497
1836 2358 107
1767 1234 255
1085 800 498
1769 1985 292
1466 1481 11
630 1703 113
1087 536 468
1728 1391 317
585 2280 395
2252 2413 303
697 964 396
1870 608 332
1276 1184 115
202 1058 323
1722 2491 472
510 753 417
862 1699 88
2427 2437 129
1517 2039 93
1428 1076 5
1930 1608 11
2356 766 324
2242 775 234
884 643 258
212 752 377
373 1982 390
1406 1280 122
70 61 467
2021 1065 221
1272 2446 24
135 123 357
881 102 61
1547 842 25
704 1047 297
1993 1189 97
1061 631 55
1574 122 56
160 161 70
43 1242 357
2390 1771 367
1938 1639 390
1616 2348 346
881 838 150
418 976 446
547 2353 108
51 935 316
900 2445 448
1959 905 136
1894 303 306
1394 740 338
54 121 179
1372 1123 288
221 248 75
88 31 71
2121 2158 263
158 54 307
1453 2222 372
974 2034 367
1010 430 49
510 2358 55
2394 1660 312
1202 1088 461
623 432 488
45 2337 350
690 1725 218
519 882 38
549 2366 495
511 702 331
658 1764 315
493 2442 150
1276 519 439
2185 1594 437
1182 2400 319
2343 2403 109
708 1099 264
1930 556 68
130 1471 146
552 1784 264
2340 1280 116
1421 1135 157
2075 2395 197
2333 148 54
1008 2200 96
1531 1548 32
628 1221 208
1015 2258 386
1062 1968 453
2079 1337 239
2280 2472 294
2229 329 332
813 1739 242
1993 1701 465
2307 1666 114
214 1093 226
2007 1918 490
1413 627 356
670 1336 175
478 1330 481
276 1374 55
519 2130 442
2257 1251 178
2305 161 208
1724 2227 135
2053 45 311
1476 140 150
1288 851 357
1944 874 238
1055 2295 18
2156 414 20
283 1781 422
1188 662 57
2367 1713 257
2324 2026 167
1915 474 386
1743 351 214
2454 2363 378
2392 2330 183
1654 172 76
2286 224 217
1986 1632 164
793 757 162
119 969 348
1518 326 425
2256 89 5
1050 2210 198
1598 2315 103
1493 640 485
2320 448 74
1449 687 405
448 2379 212
256 543 237
1623 1018 256
157 428 434
2111 194 237
1247 1457 140
280 1942 112
1755 1084 281
241 550 382
1156 383 20
1235 1139 258
1167 17 81
2282 1455 109
1807 1197 369
558 648 242
64 1255 287
179 1480 421
1318 2018 282
1381 2430 67
1895 1285 462
1429 2068 289
1369 1402 456
1464 2374 72
796 1362 350
2050 240 288
660 1250 239
962 2091 64
1353 1169 214
74 1611 37
36 681 215
400 1175 125
2048 744 401
881 476 257
1143 205 112
55 1822 139
1224 1847 479
463 1891 231
1431 1950 201
931 1366 374
1195 585 159
632 2059 312
573 1713 386
1753 2473 373
841 510 48
1269 1491 115
2363 1004 231
2334 191 41
964 958 274
1127 1546 255
2251 1804 259
1848 1788 450
1595 1173 286
1039 1240 455
1553 2311 289
1741 1954 256
988 2496 309
597 1686 26
1699 1744 101
830 2248 97
2069 2367 192
1354 2224 407
1070 1848 343
1078 486 277
1542 1087 463
272 1406 74
1108 418 432
1671 389 391
1704 1606 212
164 2488 328
2445 1349 34
1860 1825 378
1057 1401 82
1718 211 31
2387 1437 194
2069 261 351
1900 114 267
911 1888 410
1294 1036 255
595 1220 225
275 1651 350
1052 825 241
2295 1030 421
959 2094 9
458 1642 19
2357 831 416
2163 91 101
2033 1766 187
2421 1469 108
1169 889 492
290 2451 83
292 641 89
2482 919 361
2329 19 1
808 1775 233
1960 489 247
1628 400 43
486 2187 178
2217 1799 302
1431 880 107
1315 2366 266
2430 1571 70
1965 1827 128
1681 1523 358
220 1202 352
594 536 180
182 74 426
1550 1511 243
764 574 80
1861 1338 333
85 1148 93
1765 2341 351
869 990 87
1584 1240 253
1397 767 468
1798 12 488
1719 864 257
1746 2141 418
30 517 214
348 1824 358
1804 1038 359
42 1903 304
714 1000 339
2152 1473 123
1682 199 340
1875 175 246
1542 931 290
252 758 163
1353 580 333
950 1346 73
1496 339 213
1435 767 483
1277 580 166
731 1350 375
1782 1424 206
565 591 226
452 62 86
1645 340 457
1970 129 449
1170 1007 129
355 2156 188
682 81 400
1568 189 134
256 787 226
1006 1807 335
2451 147 192
363 1036 185
1286 518 268
2083 267 487
1744 518 315
1104 1126 487
986 1573 405
696 832 450
519 2247 441
2215 2003 415
1086 915 116
1963 406 251
49 1028 212
840 651 117
609 2256 440
421 393 104
1425 1140 287
2366 1782 10
1460 30 85
1276 150 129
2212 1653 101
1198 1011 228
1403 823 145
338 2163 247
666 395 51
726 17 484
112 148 262
103 1690 291
1727 1782 231
1082 1179 465
1772 1790 35
1567 1575 288
1480 1675 251
1031 269 475
1517 1900 293
1989 71 163
1607 271 402
1071 590 248
1503 957 215
509 386 349
77 1214 103
1233 1519 206
1946 2022 315
1584 1693 68
1927 1035 374
2350 2336 90
2014 642 407
620 748 406
2271 67 139
710 1090 155
1188 2228 3
6 2078 74
1008 2426 214
591 1525 159
1149 1473 228
1885 2127 77
475 1011 443
819 675 101
1397 75 190
672 1222 481
2223 1920 426
49 1397 215
810 1706 249
247 2136 152
1564 1455 108
562 1917 362
1728 757 142
1149 984 359
344 2256 114
1968 143 330
212 507 392
544 1643 335
183 1831 282
600 1520 265
1992 2323 337
1381 1038 232
728 1270 348
263 2449 322
1977 1005 339
1627 2194 133
1679 90 243
1574 1900 467
2176 2003 197
431 619 40
464 971 85
618 2269 198
10 422 303
1953 1720 90
2260 166 135
1581 1718 263
719 1045 24
1728 1862 277
1919 1632 385
699 2027 246
120 1586 22
934 512 209
658 1356 5
1616 344 223
1332 1735 387
243 542 152
375 215 29
1107 1892 32
1715 1257 222
488 653 465
1210 594 226
611 2036 190
356 1498 94
2087 910 379
1925 2128 426
1816 823 392
993 629 265
469 721 458
674 750 430
2196 107 183
621 1769 228
1213 516 298
2343 2475 262
515 2344 49
2254 782 377
1987 2077 419
310 912 389
1236 1711 315
1183 551 13
1409 205 128
2011 1905 488
541 1550 124
711 1643 219
1833 861 287
623 1712 436
1013 203 89
1343 20 274
920 1769 474
1103 246 362
2148 2467 463
1909 361 470
1577 1675 375
1093 1039 475
455 700 7
1346 1199 365
1741 69 37
2437 190 273
325 121 420
1118 689 160
1794 1159 97
611 1214 93
1746 281 93
661 2255 220
22 307 49
1191 1979 165
598 1985 348
2369 93 210
1854 2278 436
1209 1999 256
472 1202 423
533 476 433
1586 1906 447
410 1347 451
663 1546 221
152 90 158
1267 2253 260
79 2401 423
269 1254 308
187 1881 340
2403 1214 24
1149 1868 5
1259 2405 125
2447 208 355
972 305 477
333 171 93
1516 439 324
1143 1658 227
2120 799 429
633 1358 459
2150 572 458
2128 2059 449
371 1278 381
947 994 146
782 1210 372
542 2500 396
1297 87 385
1932 2410 354
654 1225 76
1135 2286 243
470 239 129
2140 649 311
1636 2454 138
1421 2171 463
1440 1147 36
941 918 435
465 1158 339
1765 457 371
448 895 79
1549 1230 8
2291 1312 153
1730 1629 228
1044 1715 92
312 1150 454
419 2037 100
467 2078 307
952 351 31
565 961 168
142 355 172
1101 1686 391
430 1141 245
2401 1651 429
1695 772 99
1163 305 272
1087 992 347
1469 2266 262
96 1167 352
914 1822 276
2411 172 362
2012 1012 297
125 695 108
624 990 400
443 1820 226
620 1122 156
1773 1412 168
604 835 311
46 95 127
215 1967 238
1855 131 324
2400 80 373
441 2366 7
1818 816 261
2184 1338 479
1446 1622 140
1040 1601 196
645 2047 417
458 1760 167
2439 1946 242
881 2225 72
454 654 277
1573 1000 363
1681 104 366
1725 425 295
1236 245 72
1407 1612 170
2279 424 484
1450 2352 452
2298 2015 137
2142 2104 181
2339 616 285
543 2438 196
588 1221 406
421 1628 129
1432 2297 52
930 289 70
300 1144 378
1819 1003 270
548 249 286
1288 2478 418
757 693 33
320 1577 220
2160 1349 361
2429 192 49
1841 1438 5
16 1776 494
1946 26 148
2286 761 53
648 1671 206
1942 873 111
586 2450 257
243 1247 182
2300 496 322
476 179 401
1288 2348 259
953 1241 88
1458 633 146
84 121 200
1628 1572 157
1320 2050 354
1117 156 28
1298 188 396
284 357 375
1341 2017 66
234 522 161
1803 52 290
2143 655 288
2010 786 282
1325 2449 393
442 872 355
327 1165 64
287 12 495
1806 1452 401
197 903 341
2440 186 15
216 36 361
2103 952 124
1979 2285 63
1285 554 389
378 2337 3
2500 1450 273
2056 705 183
387 1456 396
1679 145 19
966 2169 464
949 1876 107
464 1362 279
100 235 327
264 1694 52
1796 354 23
1387 101 44
946 1954 330
1747 1413 409
1106 1072 153
2357 2262 366
1153 65 277
506 2322 486
343 630 211
401 1280 143
848 591 26
510 236 373
470 2110 223
1419 1487 116
629 705 411
2087 149 96
562 1349 473
930 1140 194
494 1934 303
1187 147 258
1729 1473 133
1357 766 331
1257 767 349
633 433 247
491 683 175
1116 457 454
2412 1287 20
1381 2161 352
2050 1522 224
1627 634 430
2392 1777 146
1834 464 135
1160 272 177
1450 1523 149
159 804 431
304 675 50
68 1855 226
270 1395 141
1136 1530 365
712 2113 214
156 55 52
2107 244 138
2227 2160 46
1968 1478 210
1123 26 259
214 1358 15
176 1625 378
1236 843 16
1839 1756 439
805 687 10
1772 830 386
242 1581 303
117 201 40
33 462 41
490 974 325
928 1091 394
253 836 80
568 641 175
2019 1681 236
1840 426 192
2000 1802 44
2368 2499 351
57 1794 335
2331 528 306
1371 2094 434
1042 1313 424
2216 16 23
1003 137 277
581 818 245
1983 863 184
913 1848 258
535 240 47
636 1690 442
1683 1350 241
1051 90 130
143 1614 160
2120 1376 466
507 2004 164
2488 2293 36
1408 750 159
2228 1564 496
1533 535 256
713 1576 95
1819 1285 215
1353 2473 472
1253 1058 188
1489 1673 321
713 2444 123
692 1524 393
63 124 253
998 744 193
972 926 218
410 1579 15
2418 2339 479
1289 2237 152
1868 1125 456
903 1945 336
2376 1072 267
1920 110 48
625 463 140
272 1261 225
988 2356 80
809 248 80
215 470 366
289 392 244
2346 2295 135
112 1115 341
78 356 431
1538 2131 236
466 2423 336
664 1555 453
672 867 239
740 544 171
838 480 208
1602 1432 263
2463 2056 170
411 2044 238
2169 1477 235
63 642 462
1799 1401 251
901 402 114
1409 1718 326
1667 298 261
236 553 417
2394 1434 474
1419 808 349
790 1084 475
2005 1615 83
2074 476 397
1722 400 297
2499 1782 191
2085 786 13
663 2395 267
2025 68 209
1222 2248 150
369 620 156
2096 2152 58
33 203 184
1787 1612 361
2150 616 291
185 516 277
666 732 331
1272 1516 160
1847 1149 303
2200 1033 228
504 1353 321
806 1762 32
390 164 440
1160 2155 301
1269 1724 247
2363 608 496
2179 525 232
1320 1530 247
1010 162 54
1462 1808 126
1157 1541 300
1954 1430 72
614 2143 365
1727 1798 185
1017 1211 90
2481 2245 133
574 21 344
1765 904 20
596 45 226
200 416 125
1170 1776 86
2450 1357 182
1901 1928 343
1189 795 25
543 2430 273
1071 634 376
2334 2079 264
797 398 490
1325 2019 316
1848 37 47
1701 332 111
2244 698 435
303 2075 304
349 2142 54
843 880 250
1627 1689 174
253 2347 156
1937 1127 367
1829 1964 200
701 1266 229
2454 1857 242
705 1379 282
1395 1024 173
2255 44 118
1959 1123 461
2077 1635 285
1664 2012 21
264 1065 294
2250 623 457
419 2452 110
1701 2344 434
1760 737 409
2175 1336 255
133 144 82
1090 220 497
1903 209 448
1591 223 430
1384 1871 386
1403 664 166
1 666 91
602 755 327
1969 1268 268
684 844 294
1784 576 297
1299 1798 276
2107 1253 99
203 712 382
2306 2051 24
2158 2206 189
2141 2243 446
2440 219 122
304 1563 303
1693 131 445
110 22 465
637 673 95
1157 504 39
1514 842 435
2479 1911 477
387 970 363
1875 2158 406
560 2053 131
1244 1579 351
1813 1328 49
683 2450 347
664 2344 398
2305 1931 223
2005 1439 57
460 417 439
1027 1224 470
2427 889 205
1264 1295 302
1623 1119 414
493 1422 162
2446 387 335
1494 1662 90
580 2035 53
312 1602 110
309 181 441
1609 173 145
79 825 407
998 973 174
2032 828 70
2152 177 445
236 1676 414
1863 508 400
1937 888 297
2208 1433 418
1484 253 79
515 202 419
881 1930 155
610 2389 406
2346 4 157
603 1088 78
448 307 441
2140 1607 43
1201 1898 250
206 11 257
1812 800 100
2393 2186 370
854 971 346
1114 1071 86
2323 927 456
854 2365 302
1681 1042 453
670 2078 18
2291 1360 494
511 453 446
1167 1506 180
455 1727 126
2070 2424 438
2106 1010 372
2063 2310 195
1590 827 272
205 938 432
554 1846 455
1150 2259 276
697 440 95
2136 2307 172
1727 1911 482
2452 148 406
2070 884 378
663 2020 376
2204 962 453
1984 754 77
735 1701 460
1056 570 357
25 2336 72
9 1874 354
1239 2327 408
2198 2390 175
1451 608 230
126 2293 218
1747 2065 258
1548 132 38
781 1537 20
892 1434 247
713 792 162
2289 877 380
1368 1702 450
1627 753 424
594 1840 359
1858 1116 220
1569 939 149
1498 290 417
2231 833 11
957 1761 490
1718 87 111
1742 996 343
1681 2074 197
709 1978 264
415 255 187
204 1064 273
1695 916 376
2246 766 124
1490 1500 377
1910 89 364
604 2021 187
1211 1974 423
2341 596 424
2429 1349 479
1076 322 28
1545 328 334
90 1045 496
1128 132 375
2240 398 109
967 758 432
376 1907 98
828 2244 28
2343 1980 419
1959 2453 324
841 12 295
1118 2409 235
1158 1575 26
1762 1535 268
2171 2217 358
1856 2230 220
319 2296 446
86 2170 60
1431 414 245
1252 1440 35
1292 1451 91
1347 1972 323
359 1117 421
581 58 87
83 566 308
2017 1346 79
2039 1436 224
1556 1789 253
881 2379 83
2481 1001 239
1827 2477 71
1779 1280 298
2206 1377 124
1139 2036 126
1475 1886 240
292 575 371
1768 2226 283
758 768 430
911 1648 474
1328 404 345
1918 870 220
93 360 123
993 107 115
1577 1670 333
296 1686 94
1757 1363 69
1684 299 401
233 78 68
664 97 2
2130 95 424
1662 2394 133
268 2207 42
67 1807 108
2059 343 182
676 118 400
1351 901 73
2028 1986 367
100 1625 348
836 284 451
898 233 181
496 30 225
215 1269 217
2092 1106 313
4 2107 138
2291 380 270
1535 1225 27
1914 2173 174
1558 2268 36
2227 632 105
1760 1694 100
687 1863 107
590 1793 133
707 465 359
915 1857 429
2301 2367 187
1287 1563 440
214 662 479
1403 426 461
1515 2145 172
1456 1961 118
480 2167 470
897 1993 288
1630 1780 155
1885 280 26
1796 1074 333
972 1210 180
1617 1881 328
2210 1582 109
3 2067 148
1160 1027 201
2117 718 386
724 2097 355
1901 1657 368
684 1308 348
1003 43 474
1512 449 179
601 1066 171
1222 1827 245
2466 1341 114
2445 263 129
1805 629 347
2426 1048 322
1104 428 176
2040 972 449
2387 2082 428
958 1034 126
1956 1221 391
1310 985 482
1646 882 47
917 1491 54
2064 1488 122
1746 492 73
1357 2245 403
1161 345 289
1468 878 135
548 2440 151
1565 1076 262
1334 1369 7
731 1999 166
2014 1269 161
1121 1550 44
24 537 368
1297 262 266
2365 462 487
1070 873 485
280 2321 365
65 2121 330
2102 1875 454
1311 1913 65
1531 1834 112
908 367 320
1286 1105 183
2215 1389 264
1066 178 323
1126 1188 191
499 2252 199
4 350 121
2185 2466 257
1367 2288 88
480 860 155
1079 2192 376
98 893 273
405 2491 227
2019 267 61
594 2382 25
1168 885 259
1060 683 233
709 1334 83
213 1368 142
1781 24 89
1434 602 164
2082 1381 349
2400 1451 278
1597 1089 474
776 1559 233
1002 168 489
540 450 32
248 2116 384
1382 1407 290
308 1972 113
1272 779 56
1190 530 155
1463 1425 460
1957 510 500
923 2048 329
1375 876 72
851 1990 415
1019 1394 181
459 833 253
2064 1425 236
204 2018 247
1889 1024 94
2030 1098 182
86 903 126
987 119 293
1294 1558 175
1051 1470 411
1654 1469 240
1321 668 175
960 2104 132
2169 802 287
739 2205 256
2367 128 286
2375 234 98
1907 945 217
70 1903 105
1340 1287 190
278 835 124
144 1683 444
761 1853 474
944 1052 473
1967 1174 265
580 967 187
1063 2304 270
2039 1378 221
2354 1690 134
193 1366 306
1617 178 186
2404 2008 373
2275 53 101
1800 2409 323
213 1435 158
1381 1384 38
1354 19 254
2486 2261 45
309 761 65
390 818 330
2337 563 264
2369 549 205
430 1011 247
1876 1501 6
2190 125 278
1488 1736 375
1277 2125 65
2308 1594 301
1333 1457 131
855 446 172
442 242 284
1244 2256 337
809 735 58
2174 1337 395
932 1478 360
214 1455 129
137 184 319
671 635 101
1525 1086 10
39 316 350
1217 2068 138
2029 241 272
1586 2101 364
434 2373 114
2015 353 98
1100 85 289
2033 720 461
861 2350 422
1721 659 66
1972 712 42
1497 277 217
1484 1083 51
678 1060 137
165 895 77
1166 1415 258
1048 2327 8
2379 958 343
1191 1080 446
567 605 99
1077 281 226
1935 2011 233
1877 407 497
264 573 101
2312 721 481
238 849 310
725 278 268
2412 590 379
6 29 337
1637 1306 165
164 665 128
1814 1914 374
13 1781 343
867 2330 214
2385 1254 255
1115 2448 81
377 2148 25
523 95 304
379 2109 89
548 1749 209
1798 2000 223
899 760 50
431 1998 373
56 83 29
1073 2044 148
351 1141 21
1952 1768 126
1176 1661 445
1130 1384 389
1677 2038 363
389 2412 301
1320 158 204
256 757 309
2475 243 170
1757 945 262
1874 1354 142
15 1538 324
1690 2271 130
2046 231 236
226 389 311
1790 786 12
1098 220 106
757 534 113
2441 607 13
458 395 438
554 1806 440
828 813 373
955 2381 432
1825 1595 193
306 1062 336
24 2162 456
441 2010 87
19 729 328
531 1930 192
1487 1252 450
700 1412 150
2253 1487 224
1586 1574 262
849 626 476
1394 1908 366
1287 1378 224
663 1557 229
1339 2202 113
1526 323 156
484 677 244
1907 1908 212
1452 375 58
338 800 386
1967 106 209
328 1855 3
2405 539 109
478 1602 438
2252 1361 19
773 14 223
1983 1756 422
841 1934 359
2276 791 11
762 854 93
1142 444 387
1331 889 446
394 2103 422
1761 216 158
487 695 343
1362 170 362
455 15 190
1265 2069 402
750 1761 289
654 292 463
1376 2433 136
1158 2499 210
302 1971 275
489 1801 399
1125 1902 154
2494 1767 66
1049 1502 228
2483 2313 37
120 966 214
1534 440 248
1178 481 269
1848 1337 462
955 674 2
52 243 1
1749 131 108
84 1362 50
2410 1588 402
265 380 177
1205 1013 216
1109 147 269
745 1181 271
709 584 109
525 1261 466
2119 334 189
1029 23 2
1831 1924 46
53 1896 492
2117 1882 422
984 804 396
2485 2333 22
273 1397 279
989 1386 392
550 1793 187
1231 1196 66
1323 1002 158
752 200 112
2394 2288 418
488 676 391
205 2018 368
1036 1868 401
2122 905 77
13 606 405
2287 624 499
62 1037 284
2175 266 440
731 2409 195
1742 1089 93
1236 1061 366
1267 725 188
2066 1455 402
1119 2293 412
2306 945 218
1047 321 221
1389 1170 119
1190 32 148
2399 640 467
1124 1405 434
1152 2158 284
106 1190 208
943 1477 80
1085 1196 63
80 2402 282
1063 652 18
823 1386 293
1212 1177 94
2126 122 38
1061 2192 91
2209 1875 119
676 447 321
7 84 450
2018 312 195
2341 327 267
2165 2236 213
1387 118 429
1193 58 180
831 761 455
194 1718 90
1236 240 319
766 83 100
2474 1262 183
1887 2461 390
1020 245 182
23 282 484
2116 1745 266
776 546 3
1994 503 417
1536 875 151
635 1527 52
2136 919 137
2176 2066 235
2361 772 16
236 4 426
414 1533 443
637 480 146
1374 139 443
83 890 331
284 1351 361
1246 1371 182
1192 712 258
1542 1621 426
305 104 70
2379 2012 115
338 296 479
2365 1863 196
2217 1399 148
2320 1060 302
2415 350 500
1130 2281 164
1722 909 85
1675 487 263
1146 1937 270
2077 1521 496
54 179 199
2092 1167 79
1275 1442 130
955 1410 362
1895 1701 50
1254 534 489
1404 264 98
567 1886 219
1814 971 277
244 472 113
1099 770 499
124 763 15
1035 734 351
285 1064 8
642 589 435
1204 287 333
447 548 403
580 1680 329
2027 1542 169
2096 140 424
1680 796 366
167 306 456
1002 1536 394
122 1247 179
2 1228 387
1560 960 125
531 1529 403
400 1852 486
1411 2033 156
1429 124 384
2197 521 185
210 567 37
880 1425 256
97 1313 427
1335 969 337
1166 789 73
1544 246 168
835 1473 20
2357 2291 252
1478 2369 16
892 623 238
815 572 332
1735 853 496
2126 197 176
2152 1030 167
1386 1368 383
20 622 244
739 36 203
674 892 120
806 194 124
1442 94 57
2179 657 358
645 2333 44
207 2071 236
1561 418 26
702 816 248
2036 1749 192
1280 1183 6
721 2365 125
545 2447 349
247 92 404
309 182 430
2176 901 303
2045 1924 42
2197 669 452
775 1612 447
1996 25 152
1218 1642 51
1234 2113 457
2208 87 86
705 1702 483
1233 1997 423
1132 867 85
2238 2434 229
1982 2192 373
2459 2270 399
2073 2162 176
2006 973 18
2376 943 300
516 1995 10
1495 1435 362
1922 427 23
2379 1053 482
1491 2307 91
184 607 41
571 436 378
1552 1481 366
1706 1005 171
859 188 199
467 1035 401
999 629 426
1557 717 33
2431 635 224
703 2181 113
794 225 486
798 1679 252
1433 2081 360
1147 1202 331
649 1280 113
2312 1016 373
423 118 384
46 596 458
1172 331 370
204 122 460
584 2125 366
1908 1303 111
2383 1391 17
1232 2395 327
2318 486 154
17 1644 322
2293 143 133
674 2284 129
896 1729 190
1544 1341 258
1143 338 456
2196 943 339
2385 1788 357
300 1783 271
1154 1618 10
1814 351 185
35 159 100
1266 1965 42
2474 597 323
1963 567 475
1267 22 345
2395 1701 72
1973 759 472
496 1789 106
700 1755 267
2192 561 119
1984 1673 11
74 1603 197
2402 2085 18
792 1816 106
467 2361 97
379 1427 384
1094 2012 76
645 97 368
1583 2363 376
1014 2164 152
1548 134 48
1489 1703 399
536 1666 489
1899 660 404
1188 1645 119
174 1266 177
1877 105 356
885 1632 207
316 623 323
2437 1558 195
836 608 266
786 2453 297
1116 243 230
2367 2293 204
1325 14 390
880 2081 194
235 157 95
514 2310 73
1889 2393 440
1785 2309 85
1706 215 447
1438 1144 163
2090 1345 198
1792 848 38
907 2185 223
1322 551 156
1746 2365 24
1253 1465 419
2225 2303 428
2157 573 430
1326 1950 350
1576 152 223
2257 1049 335
1232 500 13
120 1577 447
685 1943 380
439 2092 374
670 408 368
1551 1515 240
543 1427 417
613 439 104
1262 959 357
2245 315 314
889 976 484
251 947 409
1692 784 244
2093 359 193
425 1790 331
2188 1255 169
83 1636 146
2363 2367 174
2011 592 135
1648 1879 81
1534 206 90
1321 1939 50
1684 2107 293
2083 1831 462
820 2397 397
148 302 419
1172 315 59
369 1703 349
1433 200 346
919 1807 166
1577 1652 239
422 953 91
826 1174 123
242 1058 263
1573 1552 407
240 2334 438
1275 2182 498
2469 1695 498
1886 1059 279
624 1537 231
328 1676 163
710 224 438
740 988 492
1038 1941 406
405 304 62
1353 152 318
1336 1246 180
2384 1845 292
935 295 180
235 807 401
139 1822 210
1244 1661 143
1051 985 341
1433 1871 431
1160 1523 484
908 1283 31
2207 670 349
1994 716 386
718 1694 270
2137 1112 484
2420 548 368
270 1247 311
2140 904 289
1124 1412 27
317 2352 351
2349 1684 101
183 240 308
441 1331 433
2050 1607 48
2000 2313 40
1754 745 257
1801 1101 33
1654 2224 479
1311 473 134
1463 2352 3
870 87 241
1396 1131 370
2079 846 415
2085 147 87
992 999 55
1368 196 27
756 463 223
945 86 230
7 603 213
377 1088 204
1210 257 33
1062 617 250
575 1613 96
1334 1051 424
587 771 9
2092 1613 251
703 589 156
882 599 364
1853 2164 290
782 1631 311
1849 1771 347
991 1456 243
1034 2376 496
179 1590 368
2449 507 235
1478 1113 310
1148 738 268
2219 1881 166
772 1590 206
996 1874 30
307 520 270
262 2229 273
1200 1410 77
1607 1484 424
1775 932 350
38 706 88
589 833 383
920 2037 466
1431 1166 111
1712 1232 153
706 2207 194
288 2495 439
34 486 500
1388 1196 83
1148 1936 114
1630 1402 229
680 520 208
2 1953 11
262 160 442
472 1740 281
1237 2149 136
2215 969 99
1959 2454 160
1171 1661 312
909 1644 394
500 1751 149
660 177 169
127 267 352
980 841 141
2012 614 442
1306 1010 9
882 656 4
1479 477 354
421 1682 220
1466 1630 99
866 650 23
1582 2102 53
1985 1054 33
622 2311 31
631 1739 439
1211 905 481
1074 1978 373
167 1370 99
1413 130 422
928 1913 304
1835 713 96
100 1914 148
1685 1684 302
1509 2366 80
771 2158 453
766 1507 98
1924 2498 41
2365 1994 173
847 1075 368
1524 1392 406
2114 471 230
533 1151 183
1436 507 446
1030 355 43
1454 1313 53
2361 230 374
1258 1505 105
1541 943 302
1773 2389 53
1482 575 71
500 1840 74
2402 1163 170
1351 1399 317
2436 589 475
1916 1300 164
178 1404 356
544 2051 116
229 2250 389
705 2137 54
2404 451 228
1999 521 73
1438 399 442
1794 1372 20
1773 1749 355
2401 1810 69
721 1065 127
733 39 289
960 475 363
1901 1311 214
1203 68 213
246 285 115
1954 367 320
1847 74 328
2147 182 317
1049 205 60
2235 211 344
1265 599 375
58 786 441
849 1633 368
331 750 10
1436 1917 221
1993 362 207
2102 1394 495
2459 1816 139
900 334 228
872 824 324
1013 775 304
1291 2398 277
1403 1207 26
869 664 31
326 1324 362
1828 972 292
683 372 355
1945 806 128
2051 1824 207
689 494 194
378 1286 459
984 2030 226
1494 705 199
342 104 157
1108 986 77
1819 438 93
907 882 27
100 1969 43
2134 22 404
242 371 197
716 489 221
48 1382 277
491 2149 320
1136 2320 141
1997 1759 222
94 871 193
1108 2340 211
1403 310 496
144 2137 181
2452 95 301
1932 2003 457
1527 1511 332
1852 253 470
364 655 48
992 1237 161
1694 1992 476
201 17 203
1998 1647 487
952 1295 313
1732 1736 443
584 205 130
1006 2209 23
1218 110 292
1148 524 162
1547 131 136
2205 630 154
1447 43 58
1918 909 475
523 2403 376
1650 1299 206
1511 2319 412
759 976 131
125 2408 239
2423 1895 261
177 163 401
759 1952 226
1682 1322 83
1732 2022 170
760 282 460
1249 476 308
622 1729 302
919 1930 133
1988 326 319
1600 2054 22
1707 2226 225
941 2084 54
563 191 476
1288 1400 234
1942 1796 449
1340 621 459
1414 1506 499
1843 257 384
2302 297 112
1794 2302 462
2031 1533 279
1506 1663 393
1892 1590 215
329 1181 435
1365 570 57
1232 519 477
1482 295 55
772 2037 382
1447 797 469
1085 1373 67
2275 1806 122
2449 12 433
1761 178 14
1386 2 44
776 2015 488
2211 1267 434
1600 1428 64
1123 1303 389
2308 2089 261
2151 718 131
1227 1363 140
1660 1666 444
45 636 253
1474 637 213
373 1879 53
1112 1939 458
2436 2270 242
1265 198 101
529 2433 45
1692 475 309
2077 1433 133
1759 1188 268
892 98 402
2109 416 217
1305 1989 396
55 1116 107
235 99 89
92 82 41
2028 27 75
470 1174 135
717 2276 191
325 789 58
444 2090 344
131 2347 145
726 672 62
1881 795 395
2078 2246 288
1981 677 468
1608 1680 11
992 587 389
54 1810 235
2000 711 202
2429 1350 54
1803 2490 134
493 1672 163
55 809 41
1378 1400 434
2378 2317 173
1348 683 464
1709 2378 455
2146 1573 430
1289 1932 300
905 828 222
1751 900 261
2382 1643 227
1415 442 409
445 533 72
2477 920 416
1744 1070 179
1931 1378 369
1173 2442 336
1692 1516 432
1030 2369 13
1799 1608 134
1486 573 192
2299 749 196
1516 2266 495
905 426 407
585 1870 259
57 905 197
2233 1003 21
576 1244 138
1219 1243 135
2342 1660 7
994 1163 279
760 1211 186
840 2440 377
2452 946 153
1840 2378 324
1049 291 309
2459 1610 462
1132 820 313
2464 168 108
710 1208 228
1977 712 330
25 443 360
84 2491 55
136 1681 312
1946 2026 370
2485 1041 398
236 27 199
780 457 415
1553 1441 54
1722 1141 37
864 2442 177
542 262 165
34 1327 379
2079 1762 103
392 221 339
2182 424 464
453 1924 261
1167 915 37
890 385 473
1580 1579 335
2280 2145 305
541 2479 117
211 1318 304
95 2444 453
1874 2028 173
1305 1898 266
725 1692 123
966 1772 208
2055 1923 125
1786 1650 183
571 263 377
632 1117 488
1219 1997 29
1977 702 318
1318 526 114
165 2230 484
54 2139 458
721 1355 466
2407 1190 297
200 1573 429
499 1568 102
1056 1710 83
205 2388 241
270 2144 425
2068 2327 126
581 286 97
965 1935 435
839 1587 206
534 695 43
1642 2447 39
2303 1839 408
1352 1712 320
2489 799 433
521 970 125
2415 1971 204
1705 613 79
2471 1240 19
1394 598 392
1000 16 391
1257 560 116
4 2400 271
1143 150 252
408 2115 118
1526 177 2
141 80 475
411 76 450
1873 1352 59
377 572 84
1794 804 437
1087 898 320
74 1456 433
2386 481 414
2272 1850 239
2062 159 498
273 1160 266
2220 1425 368
1075 1345 426
2175 1989 358
3 2486 399
1265 1489 334
1607 688 204
760 821 355
1897 95 98
2260 185 340
1374 1858 104
1694 170 34
1135 954 58
2282 842 196
2274 94 430
175 2290 410
2138 1009 151
1961 40 423
1720 842 263
1271 1301 460
1034 351 218
270 1711 213
756 1269 445
539 272 209
2075 169 440
1366 2007 180
2234 2126 446
1809 901 71
172 1823 110
2367 2478 434
560 532 274
2016 2004 77
754 696 204
1040 701 316
1893 1218 239
823 894 16
1359 1588 427
1483 902 34
1114 318 465
1898 1063 483
1439 350 128
2321 79 73
709 300 275
1565 1981 472
61 2421 260
229 1516 25
1578 2244 493
264 1810 427
1552 2334 215
120 657 156
1926 1958 207
428 1361 6
379 1033 244
1321 1736 123
602 1945 77
75 455 397
803 2133 259
1784 21 469
1361 1337 293
2047 2257 200
914 235 23
541 1515 305
1937 66 73
449 342 462
971 593 152
3 2132 454
2259 443 258
717 1772 331
1990 2082 101
788 1457 22
1897 1119 361
20 1001 85
1523 1157 56
2058 1987 493
109 299 140
421 687 135
687 2247 230
160 1466 483
1451 1838 309
1999 2228 211
743 1385 209
678 1352 76
2094 2053 471
2492 690 258
148 821 35
86 1180 186
1231 1889 288
395 1774 480
553 1704 369
244 1849 101
1759 1910 395
830 470 404
1971 1681 384
579 2144 346
314 537 469
1306 1733 444
1642 1728 115
300 485 284
2456 1242 229
253 870 246
142 1750 366
2098 1433 415
228 1611 424
2333 844 207
137 1659 338
219 2100 266
1898 1944 319
1523 337 233
450 252 388
427 1210 101
230 599 380
723 1572 395
1993 1534 267
907 1385 206
1834 622 91
2435 1208 458
2080 2238 384
1988 1618 148
1467 2003 317
349 606 422
2326 283 32
1316 220 316
255 2060 452
142 2106 389
2186 498 29
1648 2457 10
1341 2391 377
1707 1357 192
2455 1473 242
755 384 113
1497 2488 151
437 2330 200
1477 1738 445
1226 2302 62
770 1213 121
1547 1763 248
731 552 192
1185 156 139
2178 1509 326
2471 2169 388
1178 258 71
1560 604 494
410 2313 395
179 1759 4
273 1916 19
1290 1112 215
1718 1331 257
62 1651 61
1544 452 255
2335 4 214
298 1327 316
718 1686 215
1650 58 297
1968 415 49
1201 539 215
2459 2081 289
310 273 431
640 1352 138
608 1734 257
1276 2152 205
2108 1339 71
20 2413 140
1823 1169 296
724 1019 275
1904 1666 358
1490 1983 11
1724 437 28
1245 362 96
1715 214 497
938 280 193
785 1296 34
80 2277 438
513 1156 118
1813 630 226
2107 402 390
1408 1476 318
246 1688 416
1951 5 335
787 294 54
552 1680 201
2220 1497 189
2191 223 275
2100 1310 285
2078 1522 144
1516 1627 63
2468 1830 258
2149 695 19
2242 2396 338
641 731 333
203 2426 250
793 2076 149
2470 521 347
962 2054 300
2191 1895 434
2377 1101 399
324 1389 422
643 1220 94
1432 58 257
873 1131 301
2301 554 163
126 270 210
371 799 71
1289 2395 47
919 1336 322
1638 200 141
729 2230 43
826 968 141
513 379 446
735 381 327
154 2275 165
2084 725 66
1606 805 417
1099 1744 157
608 855 433
1638 806 267
872 895 15
1846 613 118
1565 832 39
460 1364 431
2362 438 450
249 1123 180
1777 935 385
2192 1839 405
1113 1605 166
1305 527 440
468 2468 90
303 1052 54
426 244 233
1921 681 413
1151 1337 13
1925 1392 371
1459 1949 384
731 1799 449
16 2463 286
1536 1388 397
2199 411 155
1316 2479 221
1375 510 207
1922 1981 271
3 2129 482
2493 2280 210
571 984 138
425 786 1
2371 1429 121
987 2355 404
966 2139 276
759 276 119
1377 1016 126
1182 1314 370
2109 675 322
1693 2138 180
2409 1483 176
2288 2106 418
59 2098 495
219 1314 384
806 388 418
892 727 310
1341 2285 386
1583 368 277
940 1852 132
5 2039 293
974 405 114
1251 260 434
2489 2192 90
877 582 222
413 2302 377
275 1153 221
1695 1320 376
2404 345 500
1662 871 323
1718 1914 353
48 968 153
640 550 466
1249 1059 203
1994 1212 265
1133 2462 363
1408 2134 13
305 1431 125
1205 700 405
1867 1337 479
2080 2129 349
1328 145 133
1958 1720 124
476 988 363
501 1035 29
1482 412 468
563 1324 335
2131 1589 66
1906 1252 218
1251 440 455
238 2274 67
219 1018 287
640 707 22
1517 1956 139
997 1648 90
2193 363 386
118 1879 378
629 1937 296
1571 1193 302
837 38 412
1781 254 196
533 770 49
2424 1381 219
786 768 447
2081 1543 406
2095 1273 491
647 173 187
1413 2185 167
2387 1770 71
1540 743 395
1773 1550 283
1084 2479 107
1359 1526 195
919 1882 293
2081 817 340
1218 53 180
1117 1718 34
763 926 143
426 932 245
797 746 28
2124 2467 228
1947 1959 368
1933 1412 243
1619 1620 426
1749 329 156
465 378 213
441 58 275
1005 798 373
1077 1933 41
442 1459 296
331 2446 311
1385 866 170
1905 2242 452
232 2333 51
450 1641 328
866 1465 326
814 2143 495
871 2091 153
1718 1049 454
366 1824 427
1793 792 106
1644 1170 236
79 1163 105
2411 2239 378
743 106 329
2019 1442 283
2096 1936 267
1106 341 206
1921 2109 118
173 2270 122
1805 1033 202
1752 628 76
2038 1669 455
658 1431 59
775 569 391
1790 1134 430
573 100 146
895 1556 226
262 1599 348
455 439 491
581 2334 135
923 1423 53
1068 1756 59
783 243 299
70 705 387
546 1131 433
595 1261 51
746 1522 403
1810 1652 7
2338 237 219
1128 1817 374
2230 199 441
116 1406 338
1070 2272 275
154 1214 367
2314 2411 190
1585 87 215
2116 2097 289
1945 1260 89
2092 2447 123
377 998 445
1026 607 257
2272 1879 293
968 1199 196
295 1328 61
211 1018 185
31 677 382
865 79 475
2283 2204 446
2063 1761 205
1686 2175 137
868 1194 129
310 656 94
1513 586 35
2186 184 174
1383 1226 82
71 1599 476
1283 617 403
2045 1642 32
1376 1333 274
1590 979 488
1856 12 8
28 2436 180
1690 65 335
514 1310 415
913 1498 207
416 2104 498
1940 2249 385
624 824 56
1797 1658 61
1262 1958 183
1928 546 15
1881 1239 107
1086 1685 380
1014 1017 415
2137 779 327
1823 1057 16
463 818 463
434 189 5
580 325 140
1591 653 166
208 1581 50
1479 520 207
824 1901 355
1797 806 196
1715 11 2
1784 238 208
445 1612 100
2209 1636 428
1201 1333 345
686 2015 348
263 1520 250
96 673 103
2348 611 364
964 1547 455
35 1064 69
683 26 145
1754 1683 442
1251 904 197
1765 170 59
1952 1580 174
286 869 65
1880 1146 240
1578 2127 261
565 1171 123
2334 1104 427
2497 1863 394
780 1223 119
778 109 337
441 199 363
1876 1237 406
2312 1246 497
1409 2448 347
518 565 140
2222 705 393
1892 286 220
1693 1867 267
1902 1194 434
2392 1141 30
1833 543 301
2482 517 111
501 2242 15
2060 1677 382
671 1064 324
1590 1456 488
107 1307 387
638 41 135
1763 878 168
2321 68 67
1424 2211 223
1896 1715 436
1056 982 489
49 1261 163
800 14 367
2023 155 73
1646 2186 74
102 2389 210
966 121 10
1995 398 332
939 244 209
2329 678 388
1202 31 115
641 168 80
2343 1067 60
1958 611 456
2131 2040 157
2039 432 500
234 1543 493
2038 333 441
1973 2403 139
964 1066 395
123 2439 160
1432 36 321
1106 1893 345
1445 1327 182
1620 1944 240
720 926 395
1488 1535 237
987 2491 313
2444 236 291
598 239 78
632 1158 6
2398 2272 351
1535 2492 167
1480 642 164
727 77 481
2378 2033 380
2376 2334 498
132 551 244
2125 2343 345
329 434 333
1880 250 144
602 1298 40
1634 2156 5
1281 315 411
1867 252 98
853 1959 159
1164 2490 260
2365 1934 334
2235 22 157
2492 2067 131
465 375 181
1653 436 447
1228 302 58
567 1942 13
1382 916 407
202 926 372
1190 2266 152
20 1586 119
948 539 294
607 185 164
1124 142 396
1917 2331 74
374 1185 351
851 2340 155
2017 1402 264
1233 1211 128
2250 1315 485
27 1278 215
885 1961 212
1529 2068 65
171 1231 361
2166 1918 199
2461 577 493
1276 676 211
1224 2149 311
1435 1189 136
1714 1149 486
1054 1297 10
456 1019 213
182 542 441
572 308 109
2300 341 60
1245 1117 112
271 588 415
1770 174 170
130 2044 376
2217 601 413
234 1570 9
717 96 203
1880 1115 234
774 1031 499
2254 1394 216
957 715 268
1687 1928 343
325 71 226
621 586 259
1806 1338 240
1110 792 357
386 488 246
2280 1331 250
2231 1265 156
1675 1876 405
1182 631 320
1648 1827 276
1764 257 467
412 2159 431
329 2359 136
1476 1519 378
394 845 230
686 255 31
1521 1584 420
1316 2188 369
1444 72 32
825 1103 302
746 1874 44
2326 2342 146
2211 877 273
1869 2172 223
2108 124 484
2027 2186 152
61 431 15
771 1567 158
551 1960 46
612 570 422
2233 2085 297
1819 1174 100
1610 449 275
1425 2439 312
1231 357 433
805 153 121
482 2286 83
342 659 43
848 723 175
1685 1203 192
715 1745 163
2297 2469 376
2391 250 299
1964 1773 473
1600 1101 36
936 1748 345
250 278 98
2144 687 168
359 760 461
1604 638 132
2074 256 23
856 1637 435
732 588 382
2217 733 377
685 345 474
1268 2415 328
107 476 378
1339 1231 366
2338 2159 393
2358 1865 88
1534 1009 192
596 1383 49
154 190 471
461 2433 259
104 338 246
1023 2231 465
1910 1211 464
2361 1934 78
1255 1479 414
2345 599 472
1074 2159 141
1412 2033 281
245 1161 7
146 55 277
1276 675 400
2235 2413 457
522 695 395
1543 1537 401
1570 926 263
2096 735 29
1919 512 325
194 2486 20
176 422 394
1460 207 120
1334 13 248
2077 2245 462
506 1254 214
584 1922 127
1445 805 497
11 1332 217
1956 1900 356
1084 1645 32
1740 134 414
480 1982 253
363 1783 342
1729 2129 390
2328 378 64
219 1589 374
952 544 104
442 915 390
1216 498 410
1117 282 337
1891 173 329
2210 2106 189
726 318 302
75 325 69
302 1081 167
2382 1883 47
946 1930 85
1953 2262 495
2049 2046 425
143 2337 188
633 2386 102
2046 1892 20
557 99 404
665 1145 293
249 1101 96
699 348 75
1588 398 265
3 60 22
35 2343 183
2391 2146 244
2116 166 409
85 2147 41
2285 2260 478
1534 1702 311
2072 1928 60
1244 2174 30
89 1329 291
361 242 163
2025 499 103
369 2052 33
14 1316 499
1413 14 288
1544 1674 454
164 2330 275
946 1704 352
2271 681 248
408 1716 127
682 1789 132
2270 2481 246
1962 1257 473
1419 156 183
839 2112 89
1061 699 421
1929 477 207
334 279 496
1970 772 306
828 764 187
579 1257 308
766 1756 256
1535 2040 478
850 1943 428
1984 1236 164
735 1813 19
481 152 46
1946 1154 125
350 2437 1
2344 1397 40
1107 1108 268
2400 1376 17
729 2054 346
2465 2045 210
1297 1825 372
1633 2419 283
1063 218 394
1921 1397 401
1078 1678 447
242 1269 344
2408 1613 44
950 1097 229
652 66 100
1406 372 261
1991 1169 125
1378 11 491
1412 1185 138
147 1934 129
2474 1524 362
1339 535 174
2210 996 90
2214 459 129
2155 2012 131
2153 1804 464
156 73 183
156 2138 35
1715 2333 31
1503 1877 49
794 2390 156
1400 1434 479
1618 1022 117
1008 549 455
1245 2321 462
1504 969 271
1667 1485 279
2339 2459 87
781 1960 378
2056 2477 330
1554 2193 93
501 1177 28
1267 2374 131
597 281 36
775 1090 105
569 345 217
519 90 327
937 603 333
157 901 156
801 1321 500
993 2431 479
638 648 243
1387 774 144
96 1784 468
887 416 113
472 1591 20
102 724 24
232 2349 123
67 693 318
2063 29 386
448 876 99
1560 200 433
933 1110 259
682 1929 49
1751 1763 45
2237 526 172
1995 2379 263
2353 960 31
1113 2060 191
1625 2289 96
2128 528 14
269 164 111
503 1186 354
816 617 169
1226 1969 249
1097 1066 33
1368 628 458
455 829 455
1660 2309 387
1099 1503 163
2120 1977 340
1485 1933 474
1331 1075 139
760 2011 19
172 1327 24
2228 1194 111
683 289 305
884 663 388
2108 1675 491
1332 1558 269
1612 2445 93
1010 713 2
699 1392 324
7 131 275
1430 2329 490
1387 550 227
1738 1004 294
1742 198 465
1338 1918 108
1877 2373 86
1904 1005 170
1670 1533 22
527 736 197
2062 2412 261
1508 180 301
569 21 453
1148 2232 73
465 1490 270
2455 2499 292
1814 1804 20
1531 2 15
384 1639 406
1696 562 455
1362 931 469
1637 128 498
607 2275 315
1302 75 403
76 1590 473
2059 775 372
1985 1108 14
982 1016 276
960 2140 122
1797 53 110
541 96 235
1489 1932 162
1856 2369 320
1129 1054 257
1671 978 192
186 265 182
1103 1901 136
1951 2487 356
1374 1152 360
1147 1842 195
539 307 287
2246 1661 114
1484 1384 401
1320 1265 138
2260 930 301
385 842 493
101 233 284
1041 267 259
2302 415 322
95 1246 487
1077 1234 232
2286 494 129
927 1135 261
553 479 360
721 202 352
984 202 109
2160 915 300
1555 1829 217
1103 1054 357
1614 611 6
1646 270 230
89 224 52
1340 2130 268
36 1574 460
2406 1930 450
2185 1466 437
713 517 36
287 2402 109
2234 1705 7
667 386 451
2054 2444 340
2186 1882 480
779 1613 493
1597 1906 153
1108 1174 98
1276 8 344
955 1655 119
485 1036 23
509 2057 407
365 1020 439
756 352 450
898 2484 316
1484 2439 189
177 2486 268
740 2406 222
877 536 78
477 898 385
1931 2344 202
1751 1697 242
1254 1508 481
1054 557 327
2055 1160 51
1522 592 165
2347 1382 260
1767 1849 386
871 149 227
2334 22 458
1764 2273 141
683 1167 373
1426 984 485
2377 1920 428
985 1130 458
2264 247 78
1834 1424 91
583 809 379
935 1212 475
2028 32 369
330 814 212
351 1744 109
2424 1426 294
137 1461 106
172 370 304
495 2037 169
794 493 213
670 2103 114
1778 1622 87
2230 35 176
2070 422 160
2194 16 68
857 1733 97
802 157 129
1554 431 343
1482 797 81
2434 1039 125
1553 2290 487
2164 633 157
2322 1523 204
1451 1012 471
2067 2438 277
608 550 485
308 1319 189
2302 1181 100
1876 1894 269
1900 1148 328
528 2403 32
1441 2062 329
662 871 56
929 1615 243
1633 639 482
329 761 346
1447 1446 226
1605 375 59
1537 2328 377
1440 1918 289
1556 1634 113
2184 2380 466
1760 1234 255
847 1199 345
1889 1087 43
1324 1441 500
334 1252 317
449 1590 176
748 1026 160
1161 87 415
1983 1221 462
773 497 221
535 249 84
2024 98 55
645 578 403
742 1581 288
1250 2321 13
810 1206 89
1304 135 260
1468 1111 219
1140 1405 428
763 1888 97
1973 961 415
294 1679 190
677 2393 314
292 1018 89
568 639 384
466 1034 394
1104 548 485
94 463 188
2169 515 353
1119 1090 28
691 2033 292
512 586 260
597 268 111
1266 1383 383
1540 1628 195
2491 1347 44
1228 1614 221
2392 1157 13
1973 228 175
1292 2027 349
1749 2402 291
2443 492 142
631 1124 65
1338 48 118
2052 408 263
1979 2259 42
974 703 112
1701 1712 310
1947 2093 43
362 224 186
1176 2275 56
2391 709 457
2173 120 314
2482 1147 293
2004 825 80
1582 157 382
768 1299 239
2291 1297 84
985 74 160
2417 451 139
2437 1262 498
697 1304 275
563 176 156
2302 383 86
2352 1837 95
2035 1448 85
1644 929 333
815 141 427
1384 1154 360
2380 972 77
1579 1039 190
47 904 266
460 2108 307
704 821 274
1034 40 328
1716 233 399
963 989 163
1867 1974 453
1548 969 496
1195 141 471
1270 210 441
1082 918 193
826 2023 97
1028 1955 417
803 1322 179
31 130 224
2198 2270 422
2099 2065 493
1888 1621 428
507 50 420
1116 2284 10
31 815 256
1313 85 71
2360 1998 251
1625 623 31
1853 410 172
2419 500 102
40 1644 110
2188 295 143
2039 1778 370
1950 1003 217
1804 93 300
880 1588 92
2498 1701 289
1052 1999 32
1437 1188 7
2339 1391 66
1692 2389 301
2242 1147 47
845 946 472
2496 2158 427
514 164 436
1559 590 343
2272 495 172
1759 2442 287
346 1687 140
751 2085 222
2004 1548 261
1067 2417 84
761 1178 298
682 2263 279
1902 434 485
1589 407 355
784 1782 38
1518 7 201
2302 1406 371
240 1356 416
2314 1603 447
517 246 13
1219 1061 468
1261 2004 106
264 1656 212
1482 71 109
1864 570 274
2372 122 447
332 2235 11
521 2003 134
2337 1474 83
2171 275 228
1464 1933 80
2358 1676 228
857 151 444
2021 2358 340
1696 518 2
1663 2336 85
730 365 402
1249 1291 350
677 2413 179
973 742 328
666 149 309
2101 1805 414
1490 1460 410
1621 278 335
1153 1031 372
866 2210 307
2219 1993 301
1570 670 116
987 1282 445
1721 1641 183
1573 500 378
1585 1723 155
735 1462 209
51 2067 495
2322 2159 377
408 844 147
1692 741 286
536 278 459
246 654 62
1620 2367 34
2292 1197 16
1253 1328 284
1189 1265 149
721 258 46
351 1858 177
848 581 311
1783 539 272
1187 678 218
878 2111 208
1632 870 34
84 1124 132
870 1437 409
51 365 4
769 1898 204
1791 241 408
737 986 125
19 67 289
2468 1162 198
1846 2339 481
970 2256 339
2077 1372 243
1400 2201 343
1902 1734 401
2125 275 269
2265 1483 394
77 500 301
1973 1584 481
2100 1355 312
1925 508 286
2104 543 434
553 437 276
355 1877 64
1739 1483 135
1446 152 232
2422 2000 271
581 1811 244
1512 1589 139
344 692 56
2203 2394 15
489 1074 243
1719 2225 458
1112 1411 147
2488 725 26
2248 822 476
165 1493 142
1226 976 118
2480 2152 412
2318 295 125
1184 136 452
253 2234 188
1063 2125 171
555 226 494
1010 479 198
2484 41 86
45 8 188
2160 942 383
140 2435 235
423 1324 75
1601 747 189
1535 2411 415
239 2490 416
1683 2025 161
1802 665 489
2064 2403 343
2037 1934 79
1101 1089 90
1678 1667 294
1432 372 95
2223 893 457
1630 1674 235
1090 1083 73
1490 109 411
682 1570 332
187 2419 217
2041 1371 234
1556 1897 141
552 547 178
2374 208 228
1881 723 474
1408 2112 490
1649 1244 156
1177 1902 157
699 675 278
1335 1120 74
1421 931 402
969 856 471
1862 351 452
2470 423 436
1848 540 380
1043 1757 163
1589 1911 52
827 1438 333
2240 599 481
1402 684 496
628 1017 39
2301 1050 136
1362 724 302
512 2215 404
1864 45 491
804 2484 6
176 110 493
41 2364 76
1227 1939 492
1599 2099 119
2010 920 322
228 2401 368
2323 2435 486
2115 705 314
1187 568 302
1797 613 247
2166 1782 187
1843 1470 128
1033 534 243
2260 378 314
1278 456 134
1464 2021 99
1755 544 179
1800 2158 2
988 1434 68
2091 2347 84
1694 1121 397
2218 1062 128
1214 752 10
573 598 78
310 39 480
2336 369 7
2242 970 236
148 1849 190
1315 1468 30
1728 1144 241
1121 1399 449
2203 505 182
1532 69 497
2094 1985 287
405 626 284
2015 520 51
335 1222 464
433 566 408
1342 2237 397
2419 1335 37
1586 1157 92
1564 1367 293
1318 955 110
1251 866 396
2380 594 363
1120 1611 85
251 1457 120
1769 559 224
887 1194 245
833 1579 20
2140 1183 453
2155 2271 469
1868 2446 57
1799 1964 93
1681 736 356
1902 1172 189
832 1770 343
2278 47 135
1863 867 392
1243 226 470
43 190 72
2403 658 193
1214 904 412
1011 369 427
650 924 150
1288 2113 180
1693 1443 231
2461 507 34
409 28 105
2299 928 10
729 276 203
873 1455 418
1965 2132 57
2155 695 360
99 535 308
248 1953 98
14 347 213
980 1052 227
2000 2345 306
2450 708 438
1965 513 11
1175 176 307
310 1431 26
979 444 176
1917 1887 249
732 1197 208
1655 969 1
2188 1948 307
623 8 424
199 770 458
792 1117 321
1984 2103 155
1886 1750 280
1057 1112 376
1368 453 209
15 789 144
1698 553 328
340 1676 207
2275 451 391
919 1893 380
1837 67 138
1225 437 296
386 1073 225
2486 1509 166
2081 2375 133
1837 780 150
79 2080 79
1010 1354 253
1952 1931 301
122 389 217
599 1273 315
1114 1721 256
1873 2425 282
2383 552 288
1034 1305 175
1205 1281 244
1770 29 173
297 1460 376
931 43 209
413 26 207
1573 797 9
92 1479 198
1409 496 309
2290 1761 338
501 1987 318
1006 795 430
242 1690 323
1375 1557 302
2313 891 66
914 527 264
2110 114 483
1928 1707 386
2110 937 35
2139 45 184
1335 327 438
2441 521 16
2120 2057 451
2023 86 437
1143 782 498
934 1812 366
794 1049 446
2163 47 89
1249 72 456
2243 358 367
1500 1342 94
996 968 27
1463 533 292
1234 1657 423
1213 1022 269
2375 2226 25
2032 1035 365
196 817 426
1009 133 76
1592 1769 17
834 75 179
69 944 167
2430 847 393
1700 1998 251
650 2170 54
2427 2473 468
830 1861 366
853 65 84
1704 2155 304
516 866 28
805 451 276
839 242 148
1797 2418 170
1097 290 377
2081 1301 73
1108 502 203
1218 1629 298
1742 1302 120
1758 1885 14
1586 1685 405
2150 2291 323
760 530 487
201 468 411
2235 1766 461
723 1677 238
491 2071 449
149 2499 361
1410 1434 143
1105 700 8
332 815 403
524 840 497
1856 284 185
35 1527 420
325 824 397
1303 414 295
1854 1285 295
106 1434 358
147 221 43
661 2449 118
790 114 109
139 2470 81
503 257 265
920 2221 456
683 1686 154
1651 1748 102
420 930 185
157 97 485
1973 731 306
1546 744 293
915 1961 184
186 227 411
440 1235 211
125 1229 199
693 623 431
1337 1799 53
536 1448 4
2320 126 144
2190 488 239
1370 660 12
2177 1028 206
67 12 226
1223 1518 107
184 1499 342
1184 1325 377
791 2123 95
514 2001 305
1672 446 50
1850 1188 6
548 1005 312
1151 956 490
115 2394 179
2000 83 389
1776 1484 314
1196 191 6
2005 1108 181
899 2341 188
743 1663 300
2281 1131 475
1050 884 336
1177 669 241
1677 1279 262
1690 85 174
1269 1771 126
1104 598 385
2232 831 453
1514 367 347
2270 588 375
2318 866 374
2271 1875 378
37 2336 425
1985 2418 136
320 1688 215
1154 2192 300
1480 775 373
1824 1444 141
431 1811 444
427 1968 200
188 2002 114
2404 76 339
1332 208 120
845 820 343
1963 2451 410
343 2460 297
244 1999 146
1787 221 239
1502 2371 107
2032 806 97
780 869 32
575 1423 455
1228 130 384
427 2394 238
1729 1761 411
1708 2255 185
1093 2202 421
587 2122 191
1291 409 254
1649 61 304
1799 39 216
1334 609 323
449 990 265
2404 746 45
1794 1399 390
293 1555 419
1817 867 192
138 842 92
1319 1442 138
748 1840 320
562 1014 344
2079 1229 3
1083 552 33
791 844 314
1350 1652 397
1792 566 232
1515 2486 198
2393 1935 416
497 510 210
1424 304 329
274 966 174
1323 2421 237
2181 208 453
2081 41 336
913 206 111
1265 2419 194
1657 838 362
47 792 351
2178 696 205
1341 986 182
1812 576 241
1789 1830 128
33 459 154
865 1664 339
1479 2378 211
91 627 216
983 1424 163
1142 1765 362
2169 1716 186
878 2350 53
864 222 134
1265 1304 229
60 827 208
1391 943 9
2031 1268 413
405 1966 206
2477 1760 122
1115 1112 146
611 189 351
1853 863 443
1684 385 387
2215 922 59
429 2340 462
2288 2231 337
328 2029 47
618 745 373
432 1417 189
1703 1471 174
2400 120 81
378 1573 478
1252 682 23
1314 1284 486
1580 1976 492
2188 231 385
142 759 268
2469 1807 492
1973 1778 186
1551 1275 271
2147 857 23
37 1378 312
1055 1391 305
2468 1784 52
147 1597 192
1418 10 417
1626 760 76
623 2209 189
120 227 163
1279 1495 97
1160 777 65
964 309 141
231 2196 197
1084 1116 412
2213 1779 287
1499 1594 374
639 1481 9
491 622 248
1042 1473 130
1245 978 113
753 701 286
1921 1890 304
2383 1411 124
501 2115 329
1183 1974 123
1715 309 72
1803 1988 210
114 1339 192
159 1151 107
688 924 314
1914 2216 272
513 10 255
585 68 235
2333 868 91
2409 1321 378
658 1194 279
1072 1125 13
487 1928 127
1640 448 360
2310 1728 56
694 172 66
260 961 37
1672 718 95
420 2458 89
728 1490 127
109 2018 49
1671 1664 497
2429 477 489
1136 1109 36
1346 653 100
2177 451 77
945 1596 421
2484 2239 329
835 968 409
941 2172 27
455 533 361
2290 238 396
298 2223 149
1788 1460 355
1995 447 480
257 1854 211
1834 1081 496
763 2378 492
1517 1983 18
659 822 206
738 614 133
1571 865 291
1165 779 345
719 2411 360
1757 1245 229
965 2140 148
2302 1264 320
390 1038 160
1548 734 195
1124 1799 33
1027 1075 19
2360 1601 438
1529 2489 47
1362 437 209
1469 2487 88
2373 603 174
391 559 367
489 1843 23
325 709 83
1141 1023 150
830 325 205
199 1678 162
1629 8 76
2259 1911 219
1013 1636 307
1711 512 411
918 2062 69
782 1669 23
1489 1980 427
1935 1603 10
183 715 115
2216 2347 365
1385 1172 419
910 1691 422
1097 1289 178
808 1835 294
15 1476 321
1913 442 132
1989 680 467
1598 2188 426
268 1088 51
1686 1277 489
453 1391 310
565 1331 185
606 1133 489
2344 577 254
359 1443 359
1092 1004 112
1049 2414 34
30 301 121
1031 638 205
184 625 379
1329 105 140
692 130 77
687 2355 441
1493 1784 220
1856 26 146
1814 501 386
2436 1873 168
1723 208 283
939 236 424
824 1048 362
175 2289 99
1664 799 320
2221 1934 205
1162 1168 206
1721 1888 95
468 2125 279
749 1895 164
745 77 448
1076 441 449
235 2147 334
1127 2209 324
1666 2107 405
1598 87 230
149 565 293
2415 1419 389
1582 2184 178
1919 961 495
599 549 145
1061 965 397
2414 1446 320
25 2390 315
1373 161 473
2189 1209 53
2441 2043 229
105 1151 393
1420 2115 438
1209 1283 312
2130 1786 313
993 2284 336
209 127 100
739 2329 461
1506 1988 492
433 354 300
899 1493 394
1046 503 363
626 667 102
75 422 31
697 1284 74
1487 29 214
1241 1425 373
79 1074 452
1278 1635 300
1185 1955 352
1937 1517 404
985 558 364
294 2498 17
225 2301 221
531 478 92
1744 259 155
1916 2435 126
1322 1404 99
664 2133 56
39 1719 24
217 1522 30
304 559 482
1377 89 444
939 1376 139
1992 2086 397
614 1166 27
1602 160 246
1265 718 485
1043 2126 378
1878 2459 478
43 819 252
1512 2194 209
877 1942 128
1852 1089 237
971 564 292
1013 1984 43
2404 898 39
994 2198 51
56 1683 53
325 1208 474
190 800 419
391 2024 13
667 2436 206
371 685 219
623 872 214
1582 724 355
2089 800 53
2047 1382 271
129 989 50
80 2491 258
2326 991 325
2431 293 296
1058 717 174
1040 1105 389
1221 1792 227
2020 573 123
1953 578 70
1194 878 96
1732 1489 498
1552 2475 184
632 484 156
687 1117 309
1708 2093 134
941 2388 163
274 1586 45
2412 575 54
1160 2204 51
537 1674 93
599 1233 478
22 1367 166
1581 651 34
1907 958 217
1040 1312 55
464 2427 99
518 672 259
1887 667 469
71 2497 461
1121 1140 341
2023 2012 481
2475 1076 498
166 1239 430
1140 817 114
612 484 33
751 918 494
1897 997 85
399 1337 297
955 762 351
1025 1071 95
1645 1426 497
1295 1320 307
709 117 108
1316 562 258
503 894 54
1980 459 179
1306 632 348
892 2094 293
1082 1689 486
783 1294 434
875 1496 162
2043 1461 274
778 941 237
1833 798 347
886 1242 113
2449 1096 159
459 1368 96
209 1318 406
74 1964 93
1849 1296 386
1841 486 38
11 981 218
71 207 498
1172 1623 409
1902 252 65
1986 1848 336
1227 213 39
594 1455 181
1254 1313 461
1332 840 99
1178 1815 185
298 2103 409
1525 441 470
2052 35 222
1240 1885 153
421 2324 352
1890 767 307
717 1968 100
1040 5 123
206 2330 359
1658 196 484
8 1000 106
52 2001 246
2477 1863 192
2467 357 367
2150 688 280
1606 324 69
1770 1907 23
1187 867 299
992 2307 333
1897 1787 143
1435 1321 299
108 1802 473
1679 196 57
709 2172 13
270 2425 99
2401 726 416
1152 35 261
667 1259 394
416 1471 186
669 1062 287
1971 295 82
322 1984 116
325 2131 112
63 1687 457
2267 913 236
973 1476 325
391 1782 410
1550 2311 209
1902 1927 196
517 1792 21
1845 1032 8
910 2135 142
53 1043 308
1162 46 63
1337 650 377
2087 689 16
1802 2057 411
1987 2205 125
1541 451 203
1184 2470 492
1440 427 21
1767 1840 384
100 1694 392
359 1431 377
1239 512 216
1053 599 171
375 2126 408
1292 1658 108
2234 1756 227
561 726 399
1161 2173 192
1863 820 341
2458 1713 483
1717 312 283
1298 960 331
94 2304 222
1955 1517 199
354 438 289
1007 2476 192
851 1265 44
1348 1403 500
1359 2304 21
1052 973 391
1689 760 404
858 1983 97
273 933 289
1281 236 167
1925 2149 356
1581 678 35
448 935 70
2171 79 255
2359 1188 411
2423 1846 417
1756 753 473
2413 775 429
2075 1136 313
737 910 367
1432 2383 447
1369 1198 68
2150 1627 171
712 1753 44
2220 146 33
1661 2176 197
2424 701 458
931 1323 425
1105 1657 391
1610 2455 51
903 713 437
1410 12 355
581 1979 461
1364 2050 1
1492 2374 460
2062 1484 91
1795 362 132
111 1754 357
796 2479 427
2102 247 300
2245 1888 245
2048 2404 484
2370 1454 120
1170 1271 69
2280 2176 291
303 2133 361
1640 190 164
1155 1991 402
1924 1580 49
568 1564 485
1139 1142 139
1643 1281 264
740 1305 383
2135 65 274
2500 2101 314
1805 638 256
1283 2442 261
333 2238 239
271 1523 462
1655 2336 116
1365 1953 280
888 966 220
453 1525 414
1466 697 254
844 1770 436
1483 1360 151
505 1616 58
1214 1939 206
2194 1134 194
1470 693 182
1747 1319 201
350 96 482
730 2336 271
1267 1614 22
1106 1019 258
2451 2235 316
453 1870 277
1317 2012 467
1598 2227 35
397 194 395
1660 2342 433
1608 1701 181
732 147 38
1554 1806 89
1087 1153 420
2258 1247 348
1581 1632 118
1814 1320 213
1380 504 494
1249 2486 171
1157 69 468
1358 1913 152
284 2413 49
800 175 446
1997 1437 373
1807 2133 418
2158 2145 26
967 366 300
2487 1209 496
666 1752 199
598 332 182
2118 2208 266
2005 892 127
1639 585 442
2100 1397 118
1149 1966 21
1684 568 284
1730 1723 396
74 1767 311
133 1141 147
1790 171 412
417 584 284
302 1914 160
466 966 449
2402 1654 378
1333 272 142
1719 2063 264
861 2216 108
618 1661 301
351 2306 165
198 1646 129
563 1260 157
897 432 118
1195 894 18
24 61 434
1215 1481 33
1663 1996 443
1859 1515 370
1295 1826 29
2308 1436 153
402 2105 459
1443 1890 244
2461 1712 100
546 398 44
1287 466 50
1386 2175 216
2056 1546 291
2330 236 303
488 2490 464
2244 1834 354
623 1664 314
2104 1162 399
1255 50 396
866 389 461
1787 2442 19
1924 2083 265
2492 2368 123
470 292 269
990 1410 23
268 40 499
2283 1783 29
72 2170 435
645 113 10
89 468 172
908 2403 343
1484 138 282
420 233 272
1004 343 480
598 138 122
161 1104 103
1050 306 150
350 1846 225
45 2026 156
2033 2270 204
2338 2073 321
946 1726 6
220 1394 149
1986 2353 344
2052 1028 241
31 2036 230
1467 1748 360
1925 1385 317
2292 2436 1
1853 816 420
214 2209 189
1406 1900 55
540 2192 209
888 1613 417
982 2460 225
647 854 12
463 420 65
2343 2007 429
427 642 336
1676 81 316
2456 1808 160
954 498 237
974 2278 295
3 1150 362
948 1577 195
275 211 180
863 419 87
528 1260 380
2209 433 119
58 745 78
2009 1898 14
2316 1487 492
228 1796 281
2050 2342 442
1149 682 47
2446 1708 371
1801 1980 101
1554 1190 480
1937 970 18
365 371 33
1073 505 457
2473 1831 101
871 147 404
2239 1046 429
2007 1629 415
150 1826 236
149 1642 160
477 429 495
538 1395 393
1883 1698 197
1154 38 364
1945 1349 299
1125 101 392
2442 306 149
674 2321 187
657 721 372
724 516 203
909 1092 453
2305 2248 155
2321 174 165
2383 2250 76
1515 223 82
522 2185 324
2135 390 443
505 1806 319
523 489 1
1437 2157 474
2317 1428 308
2308 428 23
397 894 271
1777 93 316
1583 1041 138
1706 65 330
1862 1692 228
1877 1680 294
2150 1051 451
2394 377 269
2084 1331 135
637 862 196
500 1973 192
2058 1380 111
455 1483 337
2285 1892 232
433 274 416
667 19 125
1190 2328 318
188 1837 21
82 1020 203
1540 2055 90
217 982 351
2381 420 48
980 1639 230
1904 498 413
2157 1210 154
2375 1281 332
2460 1542 477
2180 1336 500
336 2399 259
1325 296 137
1696 532 403
867 401 302
1604 1216 136
1200 1984 117
1529 1823 121
535 1661 331
319 1941 279
833 817 53
735 469 226
1963 256 386
1688 1681 35
385 1769 358
952 2392 237
509 1267 120
1399 1455 271
52 208 164
277 60 167
587 1017 336
1453 68 396
29 829 290
1842 2002 403
1792 2010 291
587 2205 282
1602 2083 328
257 1742 280
701 1578 433
77 76 22
2192 160 341
25 920 135
2209 437 59
1162 596 488
1073 2201 44
1491 872 177
2228 2318 254
874 168 418
1018 1551 40
1113 628 89
776 1113 77
445 2111 199
90 613 447
365 959 93
2004 550 63
2114 1834 237
434 818 460
693 2267 113
746 2491 188
1256 1035 352
439 2412 24
157 1741 325
2483 1980 144
108 243 385
1041 805 278
624 2036 409
53 1741 32
1803 2037 421
1125 2006 302
1143 2172 290
1152 1584 192
182 871 226
198 2189 411
2155 1752 344
1652 1664 65
1676 592 423
2120 2323 146
386 2134 385
1002 761 376
1527 135 239
2374 2439 267
140 2085 3
1357 53 443
1082 795 288
144 48 451
1726 2275 396
1523 1666 79
1096 2088 20
459 2129 307
1582 2205 389
301 2302 378
569 397 396
876 250 351
2065 1152 129
140 1488 422
1649 1439 95
2167 46 26
1618 1205 240
2301 384 141
1226 1814 34
1590 2307 113
1784 752 473
2198 1308 195
536 941 350
1949 813 125
1674 1213 116
1477 1420 113
1790 2227 425
659 2199 73
912 2099 251
2020 540 380
1467 1175 65
2012 1491 233
609 1733 209
43 924 210
2036 2072 346
2049 2151 181
1580 2006 216
1358 941 431
1492 682 239
1629 2131 32
2140 1220 55
1346 990 123
1386 475 111
514 853 291
768 2491 288
2206 2012 222
426 2154 80
2416 1995 364
1402 1578 37
1657 654 48
1915 1932 115
620 765 47
2026 2067 8
1035 168 162
1556 1652 21
564 175 361
29 696 119
328 1922 168
420 293 50
1293 2324 56
879 1118 271
1140 360 425
1487 2454 373
1473 91 398
1182 133 409
40 1984 417
2390 1581 296
1963 1141 124
1700 2267 404
868 1211 294
1010 763 329
1784 719 485
2279 312 190
961 1892 454
1992 1260 400
215 1474 468
152 23 316
2282 1258 347
1175 254 42
1931 440 150
985 1671 326
614 1348 242
935 239 357
2020 1969 99
1370 1836 383
884 42 260
1545 167 449
2264 387 250
1402 808 338
685 394 330
219 1946 50
343 1438 4
1673 137 410
241 853 424
266 542 255
665 859 14
481 1524 191
1429 1495 277
2189 452 64
1334 822 446
474 1847 476
2133 900 329
780 2353 271
1059 1793 80
1875 1930 219
867 2192 200
1370 463 328
2023 1447 304
1071 1647 164
526 820 281
714 1285 389
117 2102 262
1071 1447 257
1838 1270 317
1317 1143 76
1577 1437 65
1288 1113 250
1523 276 142
623 1593 384
1636 1369 181
1363 838 180
1009 676 190
74 1526 105
1648 277 195
2459 436 135
531 115 201
1068 225 275
95 2384 53
1291 1863 225
1431 1838 30
487 1372 160
291 2082 182
1298 1829 24
1561 1700 412
984 379 89
2423 2454 215
500 506 228
2154 1582 288
1348 394 191
2468 1303 436
1266 2023 49
355 1991 457
1789 429 415
282 2436 70
1255 623 294
407 304 429
633 76 51
992 1500 489
2099 1011 34
453 1068 371
2335 1216 390
565 974 368
181 2325 137
826 1348 245
378 470 55
1925 590 318
981 1396 151
402 2365 63
2278 2085 113
68 2257 83
824 1054 109
476 669 15
2303 2249 365
410 2002 312
879 862 341
1048 1158 366
225 1909 351
1675 1841 352
1349 1383 384
1627 833 479
882 544 409
59 347 372
716 2217 161
1746 491 59
1192 12 419
529 902 1
1634 2058 91
767 1646 102
2155 1263 492
2252 147 251
2437 480 430
1735 351 300
2307 655 309
1267 1593 248
2284 490 322
377 105 286
257 432 435
677 2280 237
2491 2461 165
342 2056 34
167 188 492
1487 1807 161
720 1252 487
2298 1187 137
2198 318 83
250 1441 152
1739 1229 222
1550 1788 232
1424 1687 204
752 62 206
351 2425 11
2159 1262 169
1237 269 366
1991 1313 64
751 587 226
2394 1200 451
1637 33 280
1795 1233 6
929 1133 354
2276 1536 191
392 1646 301
490 217 407
940 2104 102
2416 484 156
1558 1974 328
1557 1319 317
2063 36 466
2043 2152 10
77 1861 210
554 908 421
1624 1174 353
1059 301 87
859 201 413
1125 1364 329
2047 525 389
1608 174 435
431 1073 145
87 220 462
1940 2243 200
2011 528 265
656 1329 110
1117 1230 17
95 446 250
2332 2230 13
2412 1645 106
1901 2052 33
741 1093 175
1554 1461 211
694 2095 423
1151 360 63
2286 2176 443
1697 1489 348
2159 2499 7
589 1902 385
365 494 183
1639 221 456
685 1609 142
119 2246 60
572 2116 421
2038 1273 336
1974 1230 272
1453 1080 280
257 411 431
89 2369 178
598 200 492
282 266 228
568 1427 273
2222 2184 14
1266 761 117
1379 1938 374
895 1852 41
167 1247 170
1617 2359 267
103 692 49
94 668 396
372 1942 35
644 272 100
684 1964 9
603 796 169
1740 280 138
514 748 316
466 1719 135
1318 693 104
433 2138 362
2204 580 138
1114 514 57
1244 1131 343
734 1044 360
946 1173 296
166 745 251
521 2098 392
60 1796 125
1014 1570 173
2492 562 99
1078 882 316
189 1267 174
749 668 85
1393 1317 219
1477 991 374
631 354 41
471 1922 185
331 1119 465
2488 567 288
2279 2240 98
2319 673 28
2337 300 358
1795 835 97
1373 1117 361
636 542 17
142 1910 366
1065 1283 378
1755 819 242
1406 2411 7
1671 518 246
296 1947 135
2030 1355 317
1512 1175 345
381 2022 400
1885 2059 457
88 562 279
948 1380 110
778 1649 459
2355 1797 238
2139 1361 33
2075 864 428
1467 6 35
355 1392 159
673 854 232
295 1463 128
1691 1323 452
1624 1900 121
201 864 285
51 353 234
1566 2139 145
254 2001 178
361 1233 222
1967 379 485
1352 374 219
1069 2104 122
341 1282 445
1632 103 453
2367 2065 346
1167 816 9
1158 1475 215
1029 912 87
335 2398 444
922 2376 255
2439 1128 164
338 1395 246
117 1977 296
1943 2189 166
1649 1883 342
1651 1159 216
1366 1032 9
142 2246 403
21 651 279
733 1158 215
389 1610 223
2400 816 152
1614 757 383
305 384 368
2043 562 105
57 2388 257
1971 706 345
745 908 344
1954 1727 3
2203 2061 225
490 644 358
1044 1654 274
2440 239 7
715 650 358
2187 44 307
1076 395 164
2328 225 371
225 1912 435
535 1768 38
2431 2219 425
1821 306 33
1822 405 37
20 952 188
442 803 115
1535 783 306
1352 497 352
85 1203 356
1904 1042 57
1675 1200 479
146 1460 452
1517 1164 452
1566 1055 136
1291 1268 98
2069 1124 420
1877 1193 412
538 2104 98
345 1350 376
2486 799 146
1353 2147 190
2298 1164 22
2315 1998 304
189 292 408
1463 1786 73
1494 652 146
2296 722 311
998 1063 45
1462 556 68
685 1383 102
1977 1807 500
1402 729 67
1761 1449 299
476 2208 238
130 391 73
1053 905 403
273 1405 468
1784 257 425
62 2001 95
1122 1292 362
1356 486 382
406 1202 123
2049 1236 243
1094 1136 68
419 206 471
660 1342 492
1313 1955 310
29 2120 358
1080 110 355
2034 665 190
631 1701 223
2082 766 76
1167 1304 84
420 525 170
186 2420 414
1881 1301 247
1134 1203 115
2078 2366 94
2145 1388 248
1074 2412 80
128 1514 179
910 1017 414
785 2078 164
639 987 285
2200 1396 105
953 1396 284
1022 304 453
1635 465 436
570 1105 221
1097 2172 308
611 1274 269
310 1714 317
214 319 123
1245 1985 212
395 1453 196
608 2186 55
2122 362 320
334 441 243
650 1500 378
529 1441 134
2101 152 123
1757 556 256
1995 869 393
908 2101 116
1641 2070 390
2330 1384 150
1783 618 111
2455 2261 463
1153 1831 217
1139 1697 458
1846 268 494
2027 2451 173
2284 2158 461
403 1578 141
833 2230 241
2189 2006 9
776 215 49
2001 2437 367
1928 1433 279
212 2388 297
1495 1985 494
1348 1684 92
1237 2402 42
1283 38 72
1899 987 72
862 881 437
489 637 26
734 273 338
1664 563 85
1377 1187 45
142 618 498
57 2323 117
2142 355 148
1524 637 292
1097 413 158
993 1331 293
412 1646 305
2013 2423 23
305 495 113
1202 1480 11
886 1034 327
981 1487 122
1324 2166 481
2136 1452 195
1938 576 262
125 567 19
24 271 478
845 400 324
2438 139 367
1345 932 105
2309 1938 220
272 2469 253
364 1742 257
2264 17 2
2068 1419 301
1951 443 470
1365 816 16
2186 636 307
2140 985 205
2459 1488 19
2448 1348 280
2481 382 145
238 1985 333
410 1129 182
543 770 176
801 734 326
1813 1025 432
1416 1718 51
624 1659 316
1741 1205 183
2478 2156 61
1119 995 371
1340 189 418
1746 566 122
2166 1611 331
1363 2470 363
2297 1735 42
480 1371 62
1763 2218 424
1353 2352 400
46 2363 49
388 1956 412
2468 2478 14
